form,lemma,pos,morph
magna,magnvs,ADJqua,Case=Nom|Numb=Sing|Deg=Pos
nobis,nos,PROper,Case=Dat|Numb=Plur
ob,ob,PRE,MORPH=empty
uniuersam,vniversvs,ADJqua,Case=Acc|Numb=Sing|Deg=Pos
fraternitatem,fraternitas,NOM3,Case=Acc|Numb=Sing
cura,cvra,NOM1,Case=Nom|Numb=Sing
est,svm,VER,Numb=Sing|Mood=Ind|Tense=Pres|Voice=Act|Person=3
fideles,fidelis,ADJqua,Case=Nom|Numb=Plur|Deg=Pos
maxime,magis,ADV,Deg=Sup
et,et,CONcoo,MORPH=empty
rea,rea,NOM1,Case=Nom|Numb=Sing
perditorum,perditvs,ADJqua,Case=Gen|Numb=Plur|Deg=Pos
omnium,omnis,PROind,Case=Gen|Numb=Plur
audacia,avdacia,NOM1,Case=Nom|Numb=Sing
id,is,PROdem,Case=Nom|Numb=Sing
est,svm,VER,Numb=Sing|Mood=Ind|Tense=Pres|Voice=Act|Person=3
aleatorum,aleator,NOM3,Case=Gen|Numb=Plur
animos,animvs,NOM2,Case=Acc|Numb=Plur
M,mille,ADJcar,Case=Ind
ad,ad,PRE,MORPH=empty
nequitiam,neqvitia,NOM1,Case=Acc|Numb=Sing
t,tv,CONcoo,MORPH=empty
in,in,PRE,MORPH=empty
lacum,lacvs,NOM4,Case=Acc|Numb=Sing
mortis,mors,NOM3,Case=Gen|Numb=Sing
emergunt,emergo,VER,Numb=Plur|Mood=Ind|Tense=Pres|Voice=Act|Person=3
.,qvintvs,ADJcar,Case=Acc|Numb=Plur
et,et,CONcoo,MORPH=empty
quoniam,qvoniam,CONsub,MORPH=empty
in,in,PRE,MORPH=empty
nobis,nos,PROper,Case=Abl|Numb=Plur
diuina,divinvs,ADJqua,Case=Abl|Numb=Sing|Deg=Pos
et,et,CONcoo,MORPH=empty
paterna,paternvs,ADJqua,Case=Nom|Numb=Sing|Deg=Pos
pietas,pietas,NOM3,Case=Nom|Numb=Sing
apostolatus,apostolatvs,VER,Case=Nom|Numb=Sing|Mood=Par|Tense=Perf|Voice=Pass
ducatum,dvco,VER,Case=Acc|Numb=Sing|Mood=Par|Tense=Perf|Voice=Pass
contulit,confero,VER,Numb=Sing|Mood=Ind|Tense=Perf|Voice=Act|Person=3
et,et,CONcoo,MORPH=empty
uicariam,vicarivs,ADJqua,Case=Acc|Numb=Sing|Deg=Pos
Domini,dominvs,NOM2,Case=Gen|Numb=Sing
sedem,sedes,NOM3,Case=Acc|Numb=Sing
caelesti,caelestis,ADJqua,Case=Abl|Numb=Sing|Deg=Pos
dignatione,dignatio,NOM3,Case=Abl|Numb=Sing
ordinauit,ordino,VER,Numb=Sing|Mood=Ind|Tense=Perf|Voice=Act|Person=3
et,et,CONcoo,MORPH=empty
originem,origo,NOM3,Case=Acc|Numb=Sing
authentici,avthenticvs,ADJqua,Case=Gen|Numb=Sing|Deg=Pos
apostolatus,apostolatvs,VER,Case=Nom|Numb=Sing|Mood=Par|Tense=Perf|Voice=Pass
super,svper,PRE,MORPH=empty
quem,qvi,PROrel,Case=Acc|Numb=Sing
Christus,christvs,NOM2,Case=Nom|Numb=Sing
fundauit,fvndo,VER,Numb=Sing|Mood=Ind|Tense=Perf|Voice=Act|Person=3
ecclesiam,ecclesia,NOM1,Case=Acc|Numb=Sing
in,in,PRE,MORPH=empty
superiore,svpervs,ADJqua,Case=Abl|Numb=Sing|Deg=Comp
nostro,noster,PROpos,Case=Abl|Numb=Sing
portamus,porto,VER,Numb=Plur|Mood=Ind|Tense=Pres|Voice=Act|Person=1
accepta,accipio,VER,Case=Abl|Numb=Sing|Mood=Par|Tense=Perf|Voice=Pass
simul,simvl,ADV,Deg=Pos
potestate,potestas,NOM3,Case=Abl|Numb=Sing
soluendi,solvo,VER,Case=Gen|Numb=Sing|Mood=Ger|Voice=Act
ac,ac,CONcoo,MORPH=empty
ligandi,ligo,VER,Case=Gen|Numb=Sing|Mood=Ger|Voice=Act
et,et,CONcoo,MORPH=empty
curatione,cvratio,NOM3,Case=Abl|Numb=Sing
peccata,peccatvm,NOM2,Case=Acc|Numb=Plur
dimittendi,dimitto,VER,Case=Gen|Numb=Sing|Mood=Ger|Voice=Act
salutari,salvto,ADJqua,Case=Abl|Deg=Pos|Mood=Inf
doctrina,doctrina,NOM1,Case=Abl|Numb=Sing
admonemur,admoneo,VER,Numb=Plur|Mood=Ind|Tense=Pres|Voice=Pass|Person=1
ne,ne,CONsub,MORPH=empty
dum,dvm,CONsub,MORPH=empty
delinquentibus,delinqvo,VER,Case=Abl|Numb=Plur|Mood=Par|Tense=Pres|Voice=Act
adsid,assid,CONsub,MORPH=empty
-ue,ivvs,NOM3,Case=Abl|Numb=Sing
ignoscimus,ignosco,VER,Numb=Plur|Mood=Ind|Tense=Pres|Voice=Act|Person=1
ipsi,ipse,PROdem,Case=Nom|Numb=Plur
cum,cvm,PRE,MORPH=empty
eis,is,PROdem,Case=Abl|Numb=Plur
pariter,pariter,ADV,Deg=Pos
torqueamur,torqveo,VER,Numb=Plur|Mood=Sub|Tense=Pres|Voice=Pass|Person=1
.,qvinqvaginta,ADJcar,Case=Acc|Numb=Plur
Et,et,CONcoo,MORPH=empty
ideo,ideo,ADV,Deg=Pos
sal,sal,NOM3,Case=Nom|Numb=Sing
terrae,terra,NOM1,Case=Nom|Numb=Sing
dicimur,dico,VER,Numb=Plur|Mood=Ind|Tense=Pres|Voice=Pass|Person=1
ut,vt,CONsub,MORPH=empty
ex,ex,PRE,MORPH=empty
nobis,nos,PROper,Case=Abl|Numb=Plur
omnis,omnis,PROind,Case=Nom|Numb=Sing
fraternitas,fraternitas,NOM3,Case=Nom|Numb=Sing
caelesti,caelestis,ADJqua,Case=Dat|Numb=Sing|Deg=Pos
sapientia,sapientia,NOM1,Case=Nom|Numb=Sing
saliatur,salio,VER,Numb=Sing|Mood=Sub|Tense=Pres|Voice=Pass|Person=3
.,qvintvs,ADJcar,Case=Acc|Numb=Sing
nam,nam,CONcoo,MORPH=empty
cum,cvm,CONsub,MORPH=empty
dicat,dico,VER,Numb=Sing|Mood=Sub|Tense=Pres|Voice=Act|Person=3
sal,sal,NOM3,Case=Nom|Numb=Sing
aut,avt,CONcoo,MORPH=empty
autem,avtem,CONcoo,MORPH=empty
si,si,CONsub,MORPH=empty
i,eo,VER,Numb=Sing|Mood=Imp|Tense=Pres|Voice=Act|Person=2
infatuatum,infatvo,VER,Case=Acc|Numb=Sing|Voice=Dep
fuerit,svm,VER,Numb=Sing|Mood=Sub|Tense=Fut|Voice=Act|Person=3
nihilo,nihilvm,NOM2,Case=Abl|Numb=Sing
ualebit,valeo,VER,Numb=Sing|Mood=Ind|Tense=Fut|Voice=Act|Person=3
nisi,nisi,CONsub,MORPH=empty
ut,vt,CONsub,MORPH=empty
proiciatur,proicio,VER,Numb=Sing|Mood=Sub|Tense=Pres|Voice=Pass|Person=3
foras,foras,ADV,Deg=Pos
et,et,CONcoo,MORPH=empty
conculcetur,concvlco,VER,Numb=Sing|Mood=Sub|Tense=Pres|Voice=Pass|Person=3
ab,ab,PRE,MORPH=empty
hominibus,homo,NOM3,Case=Abl|Numb=Plur
hoc,hic,PROdem,Case=Acc|Numb=Sing
ueremur,vereor,VER,Numb=Plur|Mood=Ind|Tense=Pres|Voice=Dep|Person=1
et,et,CONcoo,MORPH=empty
timemus,timeo,VER,Numb=Plur|Mood=Ind|Tense=Pres|Voice=Act|Person=1
ne,ne,CONsub,MORPH=empty
cum,cvm,CONsub,MORPH=empty
in,in,PRE,MORPH=empty
ecclesia,ecclesivs,NOM2,Case=Abl|Numb=Sing
securi,secvris,NOM3,Case=Abl|Numb=Sing|Deg=Pos
quod,qvi,PROrel,Case=Nom|Numb=Sing
nobis,nos,PROper,Case=Dat|Numb=Plur
sacerdotalis,sacerdotalis,ADJqua,Case=Nom|Numb=Sing|Deg=Pos
dignitas,dignitas,NOM3,Case=Nom|Numb=Sing
a,ab,PRE,MORPH=empty
Domino,dominvs,NOM2,Case=Abl|Numb=Sing
tradita,trado,VER,Case=Nom|Numb=Sing|Mood=Par|Tense=Perf|Voice=Pass
est,svm,VER,Numb=Sing|Mood=Ind|Tense=Pres|Voice=Act|Person=3
neglegentiae,negligentia,NOM1,Case=Gen|Numb=Sing
iuxta,ivxta,ADV,Deg=Pos
quosdam,qvidam,PROind,Case=Acc|Numb=Plur
fratres,frater,NOM3,Case=Acc|Numb=Plur
inertes,iners,ADJqua,Case=Acc|Numb=Plur|Deg=Pos
repperiamur,reperio,VER,Numb=Plur|Mood=Sub|Tense=Pres|Voice=Dep|Person=1
aut,avt,CONcoo,MORPH=empty
dum,dvm,CONsub,MORPH=empty
falsam,falsvs,ADJqua,Case=Acc|Numb=Sing|Deg=Pos
communicationem,commvnicatio,NOM3,Case=Acc|Numb=Sing
damus,do,VER,Numb=Plur|Mood=Ind|Tense=Pres|Voice=Act|Person=1
id,is,PROdem,Case=Acc|Numb=Sing
quod,qvi,PROrel,Case=Acc|Numb=Sing
cum,cvm,PRE,MORPH=empty
honore,honor,NOM3,Case=Abl|Numb=Sing
de,de,PRE,MORPH=empty
Dei,deivs,NOM2,Case=Gen|Numb=Sing
dignatione,dignatio,NOM3,Case=Abl|Numb=Sing
percipimus,percipio,VER,Numb=Plur|Mood=Ind|Tense=Pres|Voice=Act|Person=1
indignante,indignor,VER,Case=Abl|Numb=Sing|Mood=Par|Tense=Pres|Voice=Dep
Domino,dominvs,NOM2,Case=Abl|Numb=Sing
ex,ex,PRE,MORPH=empty
propria,proprivs,ADJqua,Case=Abl|Numb=Sing|Deg=Pos
actione,actio,NOM3,Case=Abl|Numb=Sing
amittamus,amitto,VER,Numb=Plur|Mood=Sub|Tense=Pres|Voice=Act|Person=1
.,qvintvs,ADJcar,Case=Acc|Numb=Plur
dicit,dico,VER,Numb=Sing|Mood=Ind|Tense=Pres|Voice=Act|Person=3
enim,enim,CONcoo,MORPH=empty
scriptura,scriptvra,NOM1,Case=Nom|Numb=Sing
diuina,divinvs,ADJqua,Case=Nom|Numb=Sing|Deg=Pos
uae,vae,INJ,MORPH=empty
erit,svm,VER,Numb=Sing|Mood=Ind|Tense=Fut|Voice=Act|Person=3
pastoribus,pastor,NOM3,Case=Dat|Numb=Plur
.,vnvs,ADJcar,Case=Acc|Numb=Plur
quod,qvod,CONcoo,MORPH=empty
si,si,CONsub,MORPH=empty
ipsi,ipse,PROdem,Case=Nom|Numb=Plur
pastores,pastor,NOM3,Case=Nom|Numb=Plur
neglegentes,negligens,ADJqua,Case=Nom|Numb=Plur|Deg=Pos
reperti,reperio,VER,Case=Nom|Numb=Plur|Tense=Perf|Voice=Pass
fuerint,svm,VER,Numb=Plur|Mood=Sub|Tense=Fut|Voice=Act|Person=3
quid,qvis,PROint,Case=Acc|Numb=Sing
respondebunt,respondeo,VER,Numb=Plur|Mood=Ind|Tense=Fut|Voice=Act|Person=3
Domino,dominvs,NOM2,Case=Nom|Numb=Sing
pro,pro,PRE,MORPH=empty
pecoribus,pecvs,NOM3,Case=Abl|Numb=Plur
quid,qvis,PROint,Case=Acc|Numb=Sing
dicent,dico,VER,Numb=Plur|Mood=Ind|Tense=Fut|Voice=Act|Person=3
a,ab,PRE,MORPH=empty
pecoribus,pecvs,NOM3,Case=Abl|Numb=Plur
se,svi,PROref,Case=Acc|Numb=Sing
esse,svm,VER,Mood=Inf|Tense=Pres|Voice=Act
uexatos,vexo,VER,Case=Acc|Numb=Plur|Mood=Inf|Tense=Perf|Voice=Pass
non,non,ADVneg,MORPH=empty
creditur,credo,VER,Numb=Sing|Mood=Ind|Tense=Pres|Voice=Pass|Person=3
illis,ille,PROdem,Case=Dat|Numb=Plur
incredibilis,incredibilis,ADJqua,Case=Nom|Numb=Sing|Deg=Pos
res,res,NOM5,Case=Nom|Numb=Sing
est,svm,VER,Numb=Sing|Mood=Ind|Tense=Pres|Voice=Act|Person=3
pastorem,pastor,NOM3,Case=Acc|Numb=Sing
aliquid,aliqvis,PROind,Case=Acc|Numb=Sing
posse,possvm,VER,Mood=Inf|Tense=Pres|Voice=Act
pati,patior,VER,Mood=Inf|Tense=Pres|Voice=Dep
a,ab,PRE,MORPH=empty
pecore,pecvs,NOM3,Case=Abl|Numb=Sing
magis,magis,ADV,Deg=Comp
punietur,pvnio,VER,Numb=Sing|Mood=Ind|Tense=Fut|Voice=Pass|Person=3
propter,propter,PRE,MORPH=empty
mendacium,mendacivm,NOM2,Case=Acc|Numb=Sing
suum,svvs,PROpos.ref,Case=Acc|Numb=Sing
.,vnvs,ADJcar,Case=Acc|Numb=Plur
et,et,CONcoo,MORPH=empty
alia,alivs,PROind,Case=Nom|Numb=Sing
scriptura,scriptvra,NOM1,Case=Nom|Numb=Sing
dicit,dico,VER,Numb=Sing|Mood=Ind|Tense=Pres|Voice=Act|Person=3
rectorem,rector,NOM3,Case=Acc|Numb=Sing
te,tv,PROper,Case=Acc|Numb=Sing
petierunt,peto,VER,Numb=Plur|Mood=Ind|Tense=Perf|Voice=Act|Person=3
noli,nolo,VER,Numb=Sing|Mood=Imp|Tense=Pres|Voice=Act|Person=2
extolli,extollo,VER,Mood=Inf|Tense=Pres|Voice=Pass
.,vnvs,ADJcar,Case=Acc|Numb=Plur
esto,svm,VER,Numb=Sing|Mood=Imp|Tense=Fut|Voice=Act|Person=2
illis,ille,PROdem,Case=Dat|Numb=Plur
quasi,qvasi,ADVrel,MORPH=empty
unus,vnvs,ADJcar,Case=Nom|Numb=Sing
ex,ex,PRE,MORPH=empty
ipsis,ipse,PROdem,Case=Abl|Numb=Plur
curam,cvra,NOM1,Case=Acc|Numb=Sing
illorum,ille,PROdem,Case=Gen|Numb=Plur
habe,habeo,VER,Numb=Sing|Mood=Imp|Tense=Pres|Voice=Act|Person=2
et,et,CONcoo,MORPH=empty
sic,sic,ADV,Deg=Pos
conside,consido,VER,Numb=Sing|Mood=Imp|Voice=Act|Person=2
.,vnvs,ADJcar,Case=Acc|Numb=Plur
et,et,CONcoo,MORPH=empty
iterum,itervm,ADV,Deg=Pos
aestimate,aestimo,VER,Numb=Plur|Mood=Imp|Tense=Pres|Voice=Act|Person=2
sacerdotem,sacerdos,NOM3,Case=Acc|Numb=Sing
esse,svm,VER,Mood=Inf|Tense=Pres|Voice=Act
cultorem,cvltor,NOM3,Case=Acc|Numb=Sing
et,et,CONcoo,MORPH=empty
omnes,omnis,PROind,Case=Acc|Numb=Plur
esse,svm,VER,Mood=Inf|Tense=Pres|Voice=Act
apud,apvd,PRE,MORPH=empty
eum,is,PROdem,Case=Acc|Numb=Sing
delicias,delicia,NOM1,Case=Acc|Numb=Plur
granaria,granarivs,ADJqua,Case=Acc|Numb=Plur|Deg=Pos
plena,plenvs,ADJqua,Case=Acc|Numb=Plur|Deg=Pos
de,de,PRE,MORPH=empty
quo,qvi,PROrel,Case=Abl|Numb=Sing
quidquid,qvisqvis,PROrel,Case=Acc|Numb=Sing
desiderauerit,desidero,VER,Numb=Sing|Mood=Ind|Tense=Fut|Voice=Act|Person=3
populus,popvlvs,NOM2,Case=Nom|Numb=Sing
meus,mevs,PROpos,Case=Nom|Numb=Sing
saturetur,satvro,VER,Numb=Sing|Mood=Sub|Tense=Pres|Voice=Pass|Person=3
.,vnvs,ADJcar,Case=Gen|Numb=Sing
iam,iam,ADV,Deg=Pos
ut,vt,CONsub,MORPH=empty
constet,consto,VER,Numb=Sing|Mood=Sub|Tense=Pres|Voice=Act|Person=3
nos,nos,PROper,Case=Nom|Numb=Plur
id,is,PROdem,Case=Nom|Numb=Sing
est,svm,VER,Numb=Sing|Mood=Ind|Tense=Pres|Voice=Act|Person=3
episcopos,episcopos,NOM2,Case=Acc|Numb=Plur
pastores,pastor,NOM3,Case=Acc|Numb=Plur
ouium,ovis,NOM3,Case=Gen|Numb=Plur
esse,svm,VER,Mood=Inf|Tense=Pres|Voice=Act
spiritalium,spiritalis,NOM3,Case=Gen|Numb=Plur
hoc,hic,PROdem,Case=Nom|Numb=Sing
est,svm,VER,Numb=Sing|Mood=Ind|Tense=Pres|Voice=Act|Person=3
hominum,homo,NOM3,Case=Gen|Numb=Plur
fidelium,fidelis,ADJqua,Case=Gen|Numb=Plur|Deg=Pos
qui,qvi,PROrel,Case=Nom|Numb=Plur
sub,svb,PRE,MORPH=empty
cura,cvra,NOM1,Case=Abl|Numb=Sing
nostri,noster,PROper,Case=Gen|Numb=Plur
constituti,constitvo,VER,Numb=Plur|Mood=Par|Tense=Perf|Voice=Pass
nullum,nvllvs,PROind,Case=Acc|Numb=Sing
in,in,PRE,MORPH=empty
eis,is,PROdem,Case=Abl|Numb=Plur
scabies,scabies,NOM5,Case=Acc|Numb=Sing
uitium,vitivm,NOM2,Case=Acc|Numb=Sing
repperiatur,reperio,VER,Numb=Sing|Mood=Sub|Tense=Pres|Voice=Dep|Person=3
.,qvintvs,ADJcar,Case=Acc|Numb=Plur
quo,qvo,CONsub,MORPH=empty
magis,magis,ADV,Deg=Comp
a,ab,PRE,MORPH=empty
nobis,nos,PROper,Case=Abl|Numb=Plur
cotidie,cotidie,ADV,Deg=Pos
perscrutentur,perscrvtor,VER,Numb=Plur|Mood=Sub|Tense=Pres|Voice=Dep|Person=3
ut,vt,CONsub,MORPH=empty
medicamine,medicamen,NOM3,Case=Abl|Numb=Sing
caelesti,caelestis,ADJqua,Case=Abl|Numb=Sing|Deg=Pos
adhibito,adhibeo,VER,Case=Abl|Numb=Sing|Mood=Par|Tense=Perf|Voice=Pass
uellera,vellvs,NOM3,Case=Acc|Numb=Plur
eis,is,PROdem,Case=Dat|Numb=Plur
florida,floridvs,ADJqua,Case=Acc|Numb=Plur|Deg=Pos
crescant,cresco,VER,Numb=Plur|Mood=Sub|Tense=Pres|Voice=Act|Person=3
qui,qvi,PROrel,Case=Nom|Numb=Plur
ad,ad,PRE,MORPH=empty
nitorem,nitor,NOM3,Case=Acc|Numb=Sing
uestis,vestis,NOM3,Case=Gen|Numb=Plur
caelestis,caelestis,ADJqua,Case=Acc|Numb=Plur|Deg=Pos
proficiant,proficio,VER,Numb=Plur|Mood=Sub|Tense=Pres|Voice=Act|Person=3
.,qvintvs,ADJcar,Case=Acc|Numb=Plur
In,vnvs,ADJcar,Case=Acc|Numb=Sing
euangelio,evangelivm,NOM2,Case=Abl|Numb=Sing
Dominus,dominvs,NOM2,Case=Nom|Numb=Sing
ad,ad,PRE,MORPH=empty
Petrum,petrvs,NOM2,Case=Acc|Numb=Sing
dixit,dico,VER,Numb=Sing|Mood=Ind|Tense=Perf|Voice=Act|Person=3
Petre,petre,NOM7,Case=Voc|Numb=Sing
inquit,inqvio,VER,Numb=Sing|Mood=Ind|Tense=Pres|Voice=Act|Person=3
amas,amo,VER,Numb=Sing|Mood=Ind|Tense=Pres|Voice=Act|Person=2
me,ego,PROper,Case=Acc|Numb=Sing
et,et,CONcoo,MORPH=empty
Petrus,petrvs,NOM2,Case=Nom|Numb=Sing
respondit,respondeo,VER,Numb=Sing|Mood=Ind|Tense=Perf|Voice=Act|Person=3
etiam,etiam,ADV,Deg=Pos
Domine,dominvs,NOM2,Case=Voc|Numb=Sing
tu,tv,PROper,Case=Nom|Numb=Sing
scis,scio,VER,Numb=Sing|Mood=Ind|Tense=Pres|Voice=Act|Person=2
quoniam,qvoniam,CONsub,MORPH=empty
amo,amo,VER,Numb=Sing|Mood=Ind|Tense=Pres|Voice=Act|Person=1
te,tv,PROper,Case=Acc|Numb=Sing
.,vnvs,ADJcar,Case=Acc|Numb=Plur
et,et,CONcoo,MORPH=empty
dixit,dico,VER,Numb=Sing|Mood=Ind|Tense=Perf|Voice=Act|Person=3
pasce,pasco,VER,Numb=Sing|Mood=Imp|Tense=Pres|Voice=Act|Person=2
oues,ovis,NOM3,Case=Acc|Numb=Plur
meas,mevs,PROpos,Case=Acc|Numb=Plur
.,qvintvs,ADJcar,Case=Acc|Numb=Plur
et,et,CONcoo,MORPH=empty
sollicite,sollicite,ADV,Deg=Pos
mandans,mando,VER,Case=Nom|Numb=Sing|Mood=Par|Tense=Pres|Voice=Act
tertio,tertivs,ADJord,Case=Abl|Numb=Sing|Deg=Pos
confirmauit,confirmo,VER,Numb=Sing|Mood=Ind|Tense=Perf|Voice=Act|Person=3
dicendo,dico,VER,Case=Abl|Numb=Sing|Mood=Ger|Voice=Act
pasce,pasco,VER,Numb=Sing|Mood=Imp|Tense=Pres|Voice=Act|Person=2
oues,ovis,NOM3,Case=Acc|Numb=Plur
meas,mevs,PROpos,Case=Acc|Numb=Plur
.,qvintvs,ADJcar,Case=Acc|Numb=Plur
et,et,CONcoo,MORPH=empty
quoniam,qvoniam,CONsub,MORPH=empty
episcopium,episcopivm,NOM2,Case=Nom|Numb=Sing
id,is,PROdem,Case=Nom|Numb=Sing
est,svm,VER,Numb=Sing|Mood=Ind|Tense=Pres|Voice=Act|Person=3
spiritum,spiritvs,NOM4,Case=Acc|Numb=Sing
sanctum,sanctvs,ADJqua,Case=Acc|Numb=Sing|Deg=Pos
per,per,PRE,MORPH=empty
inpositionem,impositio,NOM3,Case=Acc|Numb=Sing
manus,manvs,NOM4,Case=Acc|Numb=Plur
cordis,cor,NOM3,Case=Gen|Numb=Sing
excepimus,excipio,VER,Numb=Plur|Mood=Ind|Tense=Perf|Voice=Act|Person=1
hospitio,hospitivm,NOM2,Case=Dat|Numb=Sing
cohabitatori,cohabitator,NOM3,Case=Dat|Numb=Sing
nostro,noster,PROpos,Case=Dat|Numb=Sing
nullam,nvllvs,PROind,Case=Acc|Numb=Sing
maestitiam,maestitia,NOM1,Case=Acc|Numb=Sing
proponamus,propono,VER,Numb=Plur|Mood=Sub|Tense=Pres|Voice=Act|Person=1
.,qvintvs,ADJcar,Case=Acc|Numb=Plur
monet,moneo,VER,Numb=Sing|Mood=Ind|Tense=Pres|Voice=Act|Person=3
dominus,dominvs,NOM2,Case=Nom|Numb=Sing
et,et,CONcoo,MORPH=empty
dicit,dico,VER,Numb=Sing|Mood=Ind|Tense=Pres|Voice=Act|Person=3
.,vnvs,ADJcar,Case=Acc|Numb=Plur
nolite,nolo,VER,Numb=Plur|Mood=Imp|Tense=Pres|Voice=Act|Person=2
contristare,contristo,VER,Mood=Inf|Tense=Pres|Voice=Act
spiritum,spiritvs,NOM4,Case=Acc|Numb=Sing
sanctum,sanctvs,ADJqua,Case=Acc|Numb=Sing|Deg=Pos
qui,qvi,PROrel,Case=Nom|Numb=Sing
in,in,PRE,MORPH=empty
nobis,nos,PROper,Case=Abl|Numb=Plur
est,svm,VER,Numb=Sing|Mood=Ind|Tense=Pres|Voice=Act|Person=3
et,et,CONcoo,MORPH=empty
nolite,nolo,VER,Numb=Plur|Mood=Imp|Tense=Pres|Voice=Act|Person=2
exstinguere,exstingvo,VER,Mood=Inf|Tense=Pres|Voice=Act
lumen,lvmen,NOM3,Case=Acc|Numb=Sing
quod,qvi,PROrel,Case=Nom|Numb=Sing
in,in,PRE,MORPH=empty
nobis,nos,PROper,Case=Abl|Numb=Plur
effulsit,effvlgeo,VER,Numb=Sing|Mood=Ind|Tense=Perf|Voice=Act|Person=3
.,qvintvs,ADJcar,Case=Acc|Numb=Plur
quanta,qvantvs,PROint,Case=Nom|Numb=Sing
autem,avtem,CONcoo,MORPH=empty
episcopo,episcopo,NOM3,Case=Dat|Numb=Sing
bene,bene,ADV,Deg=Pos
agente,ago,VER,Case=Abl|Numb=Sing|Mood=Par|Tense=Pres|Voice=Act
et,et,CONcoo,MORPH=empty
salubriter,salvbriter,ADV,Deg=Pos
admonente,admoneo,VER,Case=Abl|Numb=Sing|Mood=Par|Tense=Pres|Voice=Act
sine,sine,PRE,MORPH=empty
tribulatione,tribvlatio,NOM3,Case=Abl|Numb=Sing
corporis,corpvs,NOM3,Case=Gen|Numb=Sing
condigna,condignvs,ADJqua,Case=Nom|Numb=Plur|Deg=Pos
sint,svm,VER,Numb=Plur|Mood=Sub|Tense=Pres|Voice=Act|Person=3
martyria,martyrivs,ADJqua,Case=Nom|Numb=Plur|Deg=Pos
tanta,tantvs,PROdem,Case=Nom|Numb=Plur
et,et,CONcoo,MORPH=empty
episcopo,episcopvs,NOM2,Case=Abl|Numb=Sing
neglegente,negligens,ADJqua,Case=Abl|Numb=Sing|Deg=Pos
et,et,CONcoo,MORPH=empty
nulla,nvllvs,PROind,Case=Nom|Numb=Plur
de,de,PRE,MORPH=empty
scripturis,scriptvra,NOM1,Case=Abl|Numb=Plur
sanctis,sanctvs,ADJqua,Case=Abl|Numb=Plur|Deg=Pos
documenta,docvmentvm,NOM2,Case=Nom|Numb=Plur
promente,promo,VER,Case=Abl|Numb=Sing|Tense=Pres|Voice=Act
cumulentur,cvmvlo,VER,Numb=Plur|Mood=Sub|Tense=Pres|Voice=Pass|Person=3
tormenta,tormentvm,NOM2,Case=Nom|Numb=Plur
.,qvinqvaginta,ADJcar,Case=Ind|Numb=Plur
apostolus,apostolvs,ADJqua,Case=Nom|Numb=Sing
nos,nos,PROper,Case=Acc|Numb=Plur
excitat,excito,VER,Numb=Sing|Mood=Ind|Tense=Pres|Voice=Act|Person=3
Paulus,pavlvs,NOM2,Case=Nom|Numb=Sing
et,et,CONcoo,MORPH=empty
condigna,condignvs,ADJqua,Case=Abl|Numb=Sing|Deg=Pos
status,statvs,NOM4,Case=Nom|Numb=Sing
sui,svvs,PROpos.ref,Case=Gen|Numb=Sing
episcopos,episcopvs,NOM2,Case=Acc|Numb=Plur
procuratores,procvrator,NOM3,Case=Acc|Numb=Plur
euangelicae,evangelica,NOM1,Case=Dat|Numb=Sing|Deg=Pos
doctrinae,doctrina,NOM1,Case=Gen|Numb=Sing
ponitet,ponitero,VER,Numb=Sing|Mood=Sub|Tense=Pres|Voice=Act|Person=3
dicit,dico,VER,Numb=Sing|Mood=Ind|Tense=Pres|Voice=Act|Person=3
quamdiu,qvamdiv,ADVrel,MORPH=empty
heres,heres,NOM3,Case=Nom|Numb=Sing
infans,infans,NOM3,Case=Nom|Numb=Sing
sub,svb,PRE,MORPH=empty
procuratores,procvrator,NOM3,Case=Acc|Numb=Plur
et,et,CONcoo,MORPH=empty
actores,actor,NOM3,Case=Nom|Numb=Plur
est,svm,VER,Numb=Sing|Mood=Ind|Tense=Pres|Voice=Act|Person=3
at,at,CONcoo,MORPH=empty
cum,cvm,CONsub,MORPH=empty
creuerit,cresco,VER,Numb=Sing|Mood=Ind|Tense=Fut|Voice=Act|Person=3
tunc,tvnc,ADV,Deg=Pos
hereditatem,hereditas,NOM3,Case=Acc|Numb=Sing
suam,svvs,PROpos.ref,Case=Acc|Numb=Sing
expetit,expeto,VER,Numb=Sing|Mood=Ind|Tense=Pres|Voice=Act|Person=3
.,pes,ADJcar,Case=Acc|Numb=Plur
nos,nos,PROper,Case=Nom|Numb=Plur
etiam,etiam,ADV,Deg=Pos
sumus,svm,VER,Numb=Plur|Mood=Ind|Tense=Pres|Voice=Act|Person=1
dispensatores,dispensator,NOM3,Case=Nom|Numb=Plur
et,et,CONcoo,MORPH=empty
procuratores,procvrator,NOM3,Case=Nom|Numb=Plur
euangelii,evangelivm,NOM2,Case=Gen|Numb=Sing
hic,hic,PROdem,Case=Nom|Numb=Sing|Deg=Pos
quoque,qvoqve,ADV,Deg=Pos
inter,inter,PRE,MORPH=empty
dispensatores,dispensator,NOM3,Case=Acc|Numb=Plur
et,et,CONcoo,MORPH=empty
procuratores,procvrator,NOM3,Case=Nom|Numb=Plur
quaeritur,qvaero,VER,Numb=Sing|Mood=Ind|Tense=Pres|Voice=Pass|Person=3
ut,vt,CONsub,MORPH=empty
quis,qvis,PROint,Case=Nom|Numb=Sing
fidelis,fidelis,ADJqua,Case=Nom|Numb=Sing|Deg=Pos
et,et,CONcoo,MORPH=empty
iustus,ivstvs,ADJqua,Case=Nom|Numb=Sing|Deg=Pos
inueniatur,invenio,VER,Numb=Sing|Mood=Sub|Tense=Pres|Voice=Pass|Person=3
.,vnvs,ADJcar,Case=Acc|Numb=Plur
Si,sinvs,NOM2,Case=Nom|Numb=Sing
ergo,ergo,CONcoo,MORPH=empty
apud,apvd,PRE,MORPH=empty
dispensatores,dispensator,NOM3,Case=Acc|Numb=Plur
et,et,CONcoo,MORPH=empty
procuratores,procvrator,NOM3,Case=Acc|Numb=Plur
quaeritur,qvaero,VER,Numb=Sing|Mood=Ind|Tense=Pres|Voice=Pass|Person=3
ut,vt,CONsub,MORPH=empty
quis,qvis,PROind,Case=Nom|Numb=Sing
fidelis,fidelis,ADJqua,Case=Nom|Numb=Sing|Deg=Pos
et,et,CONcoo,MORPH=empty
iustus,ivstvs,ADJqua,Case=Nom|Numb=Sing|Deg=Pos
inueniatur,invenio,VER,Numb=Sing|Mood=Sub|Tense=Pres|Voice=Pass|Person=3
quid,qvis,PROint,Case=Acc|Numb=Sing
si,si,CONsub,MORPH=empty
omnes,omnis,PROind,Case=Nom|Numb=Plur
delinquant,delinqvo,VER,Numb=Plur|Mood=Sub|Tense=Pres|Voice=Act|Person=3
et,et,CONcoo,MORPH=empty
delinquentibus,delinqvo,VER,Case=Abl|Numb=Plur|Mood=Par|Tense=Pres|Voice=Act
dispensatores,dispensator,NOM3,Case=Nom|Numb=Plur
ignoscant,ignosco,VER,Numb=Plur|Mood=Sub|Tense=Pres|Voice=Act|Person=3
nonne,nonne,ADVint.neg,MORPH=empty
ipsi,ipse,PROdem,Case=Nom|Numb=Plur
delinquentium,delinqvo,VER,Case=Gen|Numb=Plur|Mood=Par|Tense=Pres|Voice=Act
se,svi,PROref,Case=Acc|Numb=Sing
pondere,pondvs,NOM3,Case=Abl|Numb=Sing
onerant,onero,VER,Numb=Plur|Mood=Ind|Tense=Pres|Voice=Act|Person=3
apostolus,apostolvs,NOM2,Case=Nom|Numb=Sing|Deg=Pos
idem,idem,PROdem,Case=Nom|Numb=Sing
Paulus,pavlvs,NOM2,Case=Nom|Numb=Sing
commemorat,commemoro,VER,Numb=Sing|Mood=Ind|Tense=Pres|Voice=Act|Person=3
quando,qvando,CONsub,MORPH=empty
ad,ad,PRE,MORPH=empty
Timotheum,timothevs,NOM2,Case=Acc|Numb=Sing
docendum,doceo,VER,Case=Acc|Numb=Sing|Mood=Adj|Voice=Pass
et,et,CONcoo,MORPH=empty
corroborandum,corroboro,VER,Case=Acc|Numb=Sing|Mood=Adj|Voice=Pass
in,in,PRE,MORPH=empty
fidei,fides,NOM5,Case=Gen|Numb=Sing
firmitate,firmitas,NOM3,Case=Abl|Numb=Sing
ne,ne,CONsub,MORPH=empty
quid,qvis,PROind,Case=Acc|Numb=Sing
Deum,devs,NOM2,Case=Acc|Numb=Sing
fallat,fallo,VER,Numb=Sing|Mood=Sub|Tense=Pres|Voice=Act|Person=3
et,et,CONcoo,MORPH=empty
ne,ne,CONsub,MORPH=empty
malignum,malignvs,ADJqua,Case=Acc|Numb=Sing|Deg=Pos
orationibus,oratio,NOM3,Case=Abl|Numb=Plur
sanctorum,sanctvs,ADJqua,Case=Gen|Numb=Plur|Deg=Pos
intercedat,intercedo,VER,Numb=Sing|Mood=Sub|Tense=Pres|Voice=Act|Person=3
prouidus,providvs,ADJqua,Case=Nom|Numb=Sing|Deg=Pos
et,et,CONcoo,MORPH=empty
sollicitus,sollicitvs,ADJqua,Case=Nom|Numb=Sing|Deg=Pos
dicens,dico,VER,Case=Nom|Numb=Sing|Mood=Par|Tense=Pres|Voice=Act
o,o,INJ,MORPH=empty
Timothee,timothevs,NOM2,Case=Voc|Numb=Sing
fili,filivs,NOM2,Case=Voc|Numb=Sing
commendatum,commendo,VER,Case=Acc|Numb=Sing|Mood=Par|Tense=Perf|Voice=Pass
serua,servo,VER,Numb=Sing|Mood=Imp|Tense=Pres|Voice=Act|Person=2
noli,nolo,VER,Numb=Sing|Mood=Imp|Tense=Pres|Voice=Act|Person=2
spernere,sperno,VER,Mood=Inf|Tense=Pres|Voice=Act
donum,donvm,NOM2,Case=Acc|Numb=Sing
quod,qvi,PROrel,Case=Nom|Numb=Sing
in,in,PRE,MORPH=empty
te,tv,PROper,Case=Abl|Numb=Sing
est,svm,VER,Numb=Sing|Mood=Ind|Tense=Pres|Voice=Act|Person=3
per,per,PRE,MORPH=empty
inpositionem,impositio,NOM3,Case=Acc|Numb=Sing
manuum,manvs,NOM4,Case=Gen|Numb=Plur
seniorum,senior,NOM3,Case=Gen|Numb=Plur
accingere,accingo,VER,Mood=Inf|Tense=Pres|Voice=Act
fortiter,fortiter,ADV,Deg=Pos
et,et,CONcoo,MORPH=empty
uiriliter,viriliter,ADV,Deg=Pos
age,age,INJ,Mood=Imp
ministerium,ministerivm,NOM2,Case=Acc|Numb=Sing
tuum,tvvs,PROpos,Case=Acc|Numb=Sing
cum,cvm,PRE,MORPH=empty
integritate,integritas,NOM3,Case=Abl|Numb=Sing
persupple,persvppleo,VER,Numb=Sing|Mood=Imp|Tense=Pres|Voice=Act|Person=2
esto,svm,VER,Numb=Sing|Mood=Imp|Tense=Fut|Voice=Act|Person=2
ceteris,cetervs,ADJqua,Case=Dat|Numb=Plur|Deg=Pos
in,in,PRE,MORPH=empty
bonis,bonvm,NOM2,Case=Abl|Numb=Plur
exemplum,exemplvm,NOM2,Case=Acc|Numb=Sing
.,vnvs,ADJcar,Case=Acc|Numb=Plur
nemo,nemo,PROind,Case=Nom|Numb=Sing
tibi,tv,PROper,Case=Dat|Numb=Sing
contradicat,contradico,VER,Numb=Sing|Mood=Ind|Tense=Pres|Voice=Act|Person=3
nemo,nemo,PROind,Case=Nom|Numb=Sing
iuuentutem,ivventvs,NOM3,Case=Acc|Numb=Sing
.,vnvs,ADJcar,Case=Acc|Numb=Sing
tutem,tv,NOM3,Case=Acc|Numb=Sing
tuam,tvvs,PROpos,Case=Acc|Numb=Sing
contemnat,contemno,VER,Numb=Sing|Mood=Sub|Tense=Pres|Voice=Act|Person=3
peccantem,peccans,NOM3,Case=Acc|Numb=Sing
coram,coram,PRE,MORPH=empty
multis,mvltvs,ADJqua,Case=Abl|Numb=Plur|Deg=Pos
arg,argero,VER,Numb=Sing|Mood=Imp|Tense=Pres
-ue,qveo,NOM3,Case=Abl|Numb=Sing
ut,vt,CONsub,MORPH=empty
et,et,CONcoo,MORPH=empty
ceteri,ceteri,NOM2,Case=Nom|Numb=Plur
metum,metvs,NOM4,Case=Acc|Numb=Sing
habeant,habeo,VER,Numb=Plur|Mood=Sub|Tense=Pres|Voice=Act|Person=3
et,et,CONcoo,MORPH=empty
ne,ne,CONsub,MORPH=empty
communicaueris,commvnico,VER,Numb=Sing|Mood=Sub|Tense=Perf|Voice=Act|Person=2
peccatis,peccatvm,NOM2,Case=Abl|Numb=Plur
alienis,alienvs,ADJqua,Case=Dat|Numb=Plur|Deg=Pos
.,qvintvs,ADJcar,Case=Acc|Numb=Plur
et,et,CONcoo,MORPH=empty
iterum,itervm,ADV,Deg=Pos
si,si,CONsub,MORPH=empty
qui,qvis,PROind,Case=Nom|Numb=Sing
frater,frater,NOM3,Case=Nom|Numb=Sing
fornicarius,fornicarivs,ADJqua,Case=Nom|Numb=Sing|Deg=Pos
dicitur,dico,VER,Numb=Sing|Mood=Ind|Tense=Pres|Voice=Pass|Person=3
aut,avt,CONcoo,MORPH=empty
idolorum,idolvs,NOM3,Case=Gen|Numb=Plur
cultor,cvltor,NOM3,Case=Nom|Numb=Sing
aut,avt,CONcoo,MORPH=empty
auarus,avarvs,ADJqua,Case=Nom|Numb=Sing|Deg=Pos
aut,avt,CONcoo,MORPH=empty
raptor,raptor,NOM3,Case=Nom|Numb=Sing
siue,sive,CONcoo,MORPH=empty
iniustus,inivstvs,ADJqua,Case=Nom|Numb=Sing|Deg=Pos
cum,cvm,CONsub,MORPH=empty
eiusmodi,eivsmodi,ADV,Deg=Pos
quidem,qvidem,ADV,Deg=Pos
nec,nec,CONcoo,MORPH=empty
cibum,cibvs,NOM2,Case=Acc|Numb=Sing
capere,capio,VER,Mood=Inf|Tense=Pres|Voice=Act
.,qvintvs,ADJcar,Case=Acc|Numb=Plur
et,et,CONcoo,MORPH=empty
alia,alivs,PROind,Case=Abl|Numb=Sing
loco,locvs,NOM2,Case=Abl|Numb=Sing
quicumque,qvicvmqve,PROrel,Case=Nom|Numb=Sing
frater,frater,NOM3,Case=Nom|Numb=Sing
more,mos,NOM3,Case=Abl|Numb=Sing
alienigenarum,alienigena,NOM1,Case=Gen|Numb=Plur
uiuit,vivo,VER,Numb=Sing|Mood=Ind|Tense=Pres|Voice=Act|Person=3
et,et,CONcoo,MORPH=empty
admittit,admitto,VER,Numb=Sing|Mood=Ind|Tense=Pres|Voice=Act|Person=3
res,res,NOM5,Case=Acc|Numb=Plur
similes,similis,ADJqua,Case=Acc|Numb=Plur|Deg=Pos
factis,factvm,NOM2,Case=Abl|Numb=Plur
eorum,is,PROdem,Case=Gen|Numb=Plur
desine,desino,VER,Numb=Sing|Mood=Imp|Tense=Pres|Voice=Act|Person=2
in,in,PRE,MORPH=empty
conuiuium,convivivm,NOM2,Case=Acc|Numb=Sing
eius,is,PROdem,Case=Gen|Numb=Sing
esse,svm,VER,Mood=Inf|Tense=Pres|Voice=Act
quod,qvi,PROrel,Case=Acc|Numb=Sing
nisi,nisi,CONsub,MORPH=empty
feceris,facio,VER,Numb=Sing|Mood=Ind|Tense=Fut|Voice=Act|Person=2
et,et,CONcoo,MORPH=empty
tu,tv,PROper,Case=Nom|Numb=Sing
particeps,particeps,ADJqua,Case=Nom|Numb=Sing|Deg=Pos
eius,is,PROdem,Case=Gen|Numb=Sing
eris,svm,VER,Numb=Sing|Mood=Ind|Tense=Fut|Voice=Act|Person=2
.,vnvs,ADJcar,Case=Acc|Numb=Sing
et,et,CONcoo,MORPH=empty
in,in,PRE,MORPH=empty
doctrinis,doctrina,NOM1,Case=Gen|Numb=Plur
apostolorum,apostolor,NOM2,Case=Gen|Numb=Plur
si,si,CONsub,MORPH=empty
quis,qvis,PROind,Case=Nom|Numb=Sing
frater,frater,NOM3,Case=Nom|Numb=Sing
delinquit,delinqvo,VER,Numb=Sing|Mood=Ind|Tense=Pres|Voice=Act|Person=3
in,in,PRE,MORPH=empty
ecclesia,ecclesia,NOM2,Case=Acc|Numb=Plur
et,et,CONcoo,MORPH=empty
non,non,ADVneg,MORPH=empty
paret,pareo,VER,Numb=Sing|Mood=Sub|Tense=Pres|Voice=Act|Person=3
legi,lex,VER,Numb=Sing
hic,hic,PROdem,Case=Nom
nec,nec,CONcoo,MORPH=empty
colligatur,colligo,VER,Numb=Sing|Mood=Ind|Tense=Pres|Voice=Pass|Person=3
donec,donec,CONsub,MORPH=empty
paenitentiam,paenitentia,NOM1,Case=Acc|Numb=Sing
agat,ago,VER,Numb=Sing|Mood=Sub|Tense=Pres|Voice=Act|Person=3
et,et,CONcoo,MORPH=empty
non,non,ADVneg,MORPH=empty
recipiatur,recipio,VER,Numb=Sing|Mood=Sub|Tense=Pres|Voice=Pass|Person=3
ne,ne,CONsub,MORPH=empty
inquinetur,inqvino,VER,Numb=Sing|Mood=Sub|Tense=Pres|Voice=Pass|Person=3
et,et,CONcoo,MORPH=empty
inpediatur,impedio,VER,Numb=Sing|Mood=Sub|Tense=Pres|Voice=Pass|Person=3
oratio,oratio,NOM3,Case=Nom|Numb=Sing
uestra,vester,PROpos,Case=Nom|Numb=Sing
.,vnvs,ADJcar,Case=Gen|Numb=Sing
et,et,CONcoo,MORPH=empty
apostolus,apostolvs,ADJqua,Case=Nom|Numb=Sing|Deg=Pos
iterum,itervm,ADV,Deg=Pos
dicit,dico,VER,Numb=Sing|Mood=Ind|Tense=Pres|Voice=Act|Person=3
eximite,eximo,VER,Numb=Plur|Mood=Imp|Tense=Pres|Voice=Act|Person=2
malos,mali,NOM2,Case=Acc|Numb=Plur
e,ex,PRE,MORPH=empty
medio,medivm,NOM2,Case=Abl|Numb=Sing
uestro,vester,PROpos,Case=Abl|Numb=Sing
.,vnvs,ADJcar,Case=Acc|Numb=Plur
quod,qvod,CONcoo,MORPH=empty
si,si,CONsub,MORPH=empty
per,per,PRE,MORPH=empty
multorum,mvltvs,ADJqua,Case=Gen|Numb=Plur|Deg=Pos
testium,testis,NOM3,Case=Gen|Numb=Plur
unitatem,vnitas,NOM3,Case=Acc|Numb=Sing
et,et,CONcoo,MORPH=empty
consonantem,consonor,VER,Case=Acc|Numb=Sing|Mood=Par|Tense=Pres|Voice=Dep
monitionem,monitio,NOM3,Case=Acc|Numb=Sing
docemur,doceo,VER,Numb=Plur|Mood=Ind|Tense=Pres|Voice=Pass|Person=1
nec,nec,CONcoo,MORPH=empty
cum,cvm,PRE,MORPH=empty
delinquentibus,delinqvo,VER,Case=Abl|Numb=Plur|Mood=Par|Tense=Pres|Voice=Act
fratribus,frater,NOM3,Case=Abl|Numb=Plur
nec,nec,CONcoo,MORPH=empty
cibum,cibvs,NOM2,Case=Acc|Numb=Sing
quidem,qvidem,ADV,Deg=Pos
uesci,vescor,VER,Mood=Inf|Tense=Pres|Voice=Dep
quanto,qvanto,ADVrel,MORPH=empty
magis,magis,ADV,Deg=Comp
debeat,debeo,VER,Numb=Sing|Mood=Sub|Tense=Pres|Voice=Act|Person=3
et,et,CONcoo,MORPH=empty
ab,ab,PRE,MORPH=empty
sacrificio,sacrificivm,NOM2,Case=Abl|Numb=Sing
Christi,christvs,NOM2,Case=Gen|Numb=Sing
arceri,arceo,VER,Mood=Inf|Tense=Pres|Voice=Pass
Quam,qvam,NOM1,Case=Acc|Numb=Sing
magna,magnvs,ADJqua,Case=Nom|Numb=Sing|Deg=Pos
et,et,CONcoo,MORPH=empty
larga,largvs,ADJqua,Case=Nom|Numb=Sing|Deg=Pos
pietas,pietas,NOM3,Case=Nom|Numb=Sing
Domini,dominvs,NOM2,Case=Gen|Numb=Sing
fidelium,fidelis,ADJqua,Case=Gen|Numb=Plur|Deg=Pos
quod,qvi,PROrel,Case=Nom|Numb=Sing
in,in,PRE,MORPH=empty
futurum,fvtvrvm,NOM2,Case=Acc|Numb=Sing
praescius,praescivs,ADJqua,Case=Nom|Numb=Sing|Deg=Pos
nobis,nos,PROper,Case=Dat|Numb=Plur
consulat,consvlo,VER,Numb=Sing|Mood=Ind|Tense=Pres|Voice=Act|Person=3
ne,ne,CONsub,MORPH=empty
quis,qvis,PROind,Case=Nom|Numb=Sing
frater,frater,NOM3,Case=Nom|Numb=Sing
incautus,incavtvs,ADJqua,Case=Nom|Numb=Sing|Deg=Pos
denuo,denvo,ADV,Deg=Pos
laqueis,laqvevs,NOM1,Case=Abl|Numb=Plur
diaboli,diabolvm,NOM2,Case=Gen|Numb=Sing
capiatur,capio,VER,Numb=Sing|Mood=Sub|Tense=Pres|Voice=Pass|Person=3
.,vnvs,ADJcar,Case=Gen|Numb=Plur
sollicitos,sollicitvs,ADJqua,Case=Acc|Numb=Plur|Deg=Pos
esse,svm,VER,Mood=Inf|Tense=Pres|Voice=Act
iussit,ivbeo,VER,Numb=Sing|Mood=Ind|Tense=Perf|Voice=Act|Person=3
et,et,CONcoo,MORPH=empty
prouidos,providvs,ADJqua,Case=Acc|Numb=Plur|Deg=Pos
ad,ad,PRE,MORPH=empty
-que,qvivis,ADVint,Case=Acc
eruditos,ervdio,ADJqua,Case=Acc|Numb=Plur|Deg=Pos|Mood=Par|Tense=Perf|Voice=Pass
quoniam,qvoniam,CONsub,MORPH=empty
hostis,hostis,NOM3,Case=Nom|Numb=Sing
ille,ille,PROdem,Case=Nom|Numb=Sing
antiquus,antiqvvs,ADJqua,Case=Nom|Numb=Sing|Deg=Pos
circuit,circvmeo,VER,Numb=Sing|Mood=Ind|Tense=Perf|Voice=Act|Person=3
pulsans,pvlso,VER,Case=Nom|Numb=Sing|Mood=Par|Tense=Pres|Voice=Act
Dei,devs,NOM2,Case=Gen|Numb=Sing
seruos,servvs,NOM2,Case=Acc|Numb=Plur
non,non,ADVneg,MORPH=empty
uno,vnvs,ADJcar,Case=Abl|Numb=Sing
genere,genvs,NOM3,Case=Abl|Numb=Sing
temptans,tento,VER,Case=Nom|Numb=Sing|Mood=Par|Tense=Pres|Voice=Act
.,qvintvs,ADJcar,Case=Acc|Numb=Plur
multae,mvltvs,ADJqua,Case=Nom|Numb=Plur|Deg=Pos
enim,enim,CONcoo,MORPH=empty
sunt,svm,VER,Numb=Plur|Mood=Ind|Tense=Pres|Voice=Act|Person=3
temptationes,temptatio,NOM3,Case=Nom|Numb=Plur
eius,is,PROdem,Case=Gen|Numb=Sing
quarum,qvi,PROrel,Case=Gen|Numb=Plur
primordia,primordivm,NOM2,Case=Nom|Numb=Plur
sunt,svm,VER,Numb=Plur|Mood=Ind|Tense=Pres|Voice=Act|Person=3
idololatria,idololatria,NOM1,Case=Nom|Numb=Sing
moechiae,moechia,NOM1,Case=Nom|Numb=Plur
furta,fvrtvm,NOM2,Case=Nom|Numb=Plur
rapinae,rapina,NOM1,Case=Gen|Numb=Sing
auaritia,avaritia,NOM1,Case=Nom|Numb=Sing
fraus,fravs,NOM3,Case=Nom|Numb=Sing
ebrietas,ebrietas,NOM3,Case=Nom|Numb=Sing
inpatientia,impatientia,NOM1,Case=Nom|Numb=Sing
adulteria,advlterivm,NOM2,Case=Nom|Numb=Plur
homicidia,homicidivm,NOM2,Case=Nom|Numb=Plur
zelus,zelvs,NOM3,Case=Nom|Numb=Sing
perfidia,perfidia,NOM1,Case=Abl|Numb=Sing
falsa,falsvs,ADJqua,Case=Nom|Numb=Plur|Deg=Pos
testimonia,testimonivm,NOM2,Case=Nom|Numb=Plur
eloquium,eloqvivm,NOM2,Case=Nom|Numb=Sing
falsum,falsvs,ADJqua,Case=Nom|Numb=Sing|Deg=Pos
inuidia,invidia,NOM1,Case=Abl|Numb=Sing
extollentia,extollo,VER,Case=Nom|Numb=Plur|Mood=Par|Tense=Pres|Voice=Act
maledictum,maledictvm,NOM2,Case=Nom|Numb=Sing
error,error,NOM3,Case=Nom|Numb=Sing
et,et,CONcoo,MORPH=empty
si,si,CONsub,MORPH=empty
qua,qvis,PROind,Case=Nom|Numb=Plur
sunt,svm,VER,Numb=Plur|Mood=Ind|Tense=Pres|Voice=Act|Person=3
similia,similis,ADJqua,Case=Nom|Numb=Plur|Deg=Pos
quae,qvi,PROrel,Case=Nom|Numb=Plur
his,hic,PROdem,Case=Dat|Numb=Plur
congruunt,congrvo,VER,Numb=Plur|Mood=Ind|Tense=Pres|Voice=Act|Person=3
ex,ex,PRE,MORPH=empty
quibus,qvi,PROrel,Case=Abl|Numb=Plur
est,svm,VER,Numb=Sing|Mood=Ind|Tense=Pres|Voice=Act|Person=3
aleae,alea,NOM1,Case=Gen|Numb=Sing
tabula,tabvla,NOM1,Case=Nom|Numb=Sing
.,qvadrantal,ADJcar,Case=Ind|Numb=Plur
praee,prae,NOM3,Case=Abl|Numb=Sing
est,svm,VER,Numb=Sing|Mood=Ind|Tense=Pres|Voice=Act|Person=3
diaboli,diabolvs,NOM2,Case=Gen|Numb=Sing
laqueus,laqvevs,NOM2,Case=Nom|Numb=Sing
manifestus,manifestvs,ADJqua,Case=Nom|Numb=Sing|Deg=Pos
uenenum,venenvm,NOM2,Case=Acc|Numb=Sing
portans,porto,VER,Case=Nom|Numb=Sing|Mood=Par|Tense=Pres|Voice=Act
letalem,letalis,ADJqua,Case=Acc|Numb=Sing|Deg=Pos
serpentis,serpens,NOM3,Case=Gen|Numb=Sing
et,et,CONcoo,MORPH=empty
inductio,indvctio,NOM3,Case=Nom|Numb=Sing
corrumpens,corrvmpo,VER,Case=Nom|Numb=Sing|Mood=Par|Tense=Pres|Voice=Act
quae,qvi,PROrel,Case=Nom|Numb=Sing
cum,cvm,CONsub,MORPH=empty
uidetur,video,VER,Numb=Sing|Mood=Ind|Tense=Pres|Voice=Pass|Person=3
nihil,nihil,PROind,Case=Ind
esse,svm,VER,Mood=Inf|Tense=Pres|Voice=Act
magna,magnvs,ADJqua,Case=Abl|Numb=Sing|Deg=Pos
amplectentibus,amplector,VER,Case=Dat|Numb=Plur|Mood=Par|Tense=Pres|Voice=Dep
operatur,operor,VER,Numb=Sing|Mood=Ind|Tense=Pres|Voice=Pass|Person=3
deiectio,deiectio,NOM3,Case=Nom|Numb=Sing
.,pes,ADJcar,Case=Gen|Numb=Sing
quid,qvis,PROint,Case=Nom|Numb=Sing
illud,ille,PROdem,Case=Nom|Numb=Sing
est,svm,VER,Numb=Sing|Mood=Ind|Tense=Pres|Voice=Act|Person=3
quaeso,qvaeso,VER,Numb=Sing|Mood=Ind|Tense=Pres|Voice=Act|Person=1
uos,vos,PROper,Case=Nom|Numb=Plur
fideles,fidelis,ADJqua,Case=Acc|Numb=Plur|Deg=Pos
ut,vt,ADVrel,MORPH=empty
manus,manvs,NOM4,Case=Nom|Numb=Sing
quae,qvi,PROrel,Case=Nom|Numb=Sing
iam,iam,ADV,Deg=Pos
ab,ab,PRE,MORPH=empty
iniuriis,inivria,NOM1,Case=Abl|Numb=Plur
huma,hvma,NOM1,Case=Abl|Numb=Sing
nis,nis,CONsub,MORPH=empty
expiata,expio,VER,Case=Nom|Numb=Sing|Mood=Par|Tense=Perf|Voice=Pass
est,svm,VER,Numb=Sing|Mood=Ind|Tense=Pres|Voice=Act|Person=3
et,et,CONcoo,MORPH=empty
ad,ad,PRE,MORPH=empty
sacrificium,sacrificivm,NOM2,Case=Acc|Numb=Sing
dominicum,dominicvs,ADJqua,Case=Acc|Numb=Sing|Deg=Pos
admissa,admitto,VER,Case=Nom|Numb=Sing|Mood=Par|Tense=Perf|Voice=Pass
et,et,CONcoo,MORPH=empty
quod,qvi,PROrel,Case=Nom|Numb=Sing
ad,ad,PRE,MORPH=empty
salutem,salvs,NOM3,Case=Acc|Numb=Sing
totius,totvs,PROind,Case=Gen|Numb=Sing
hominis,homo,NOM3,Case=Gen|Numb=Sing
pertinet,pertineo,VER,Numb=Sing|Mood=Ind|Tense=Pres|Voice=Act|Person=3
ipsa,ipse,PROdem,Case=Nom|Numb=Sing
de,de,PRE,MORPH=empty
Dei,dei,NOM2,Case=Gen|Numb=Sing
dignatione,dignatio,NOM3,Case=Abl|Numb=Sing
suscipit,svscipio,VER,Numb=Sing|Mood=Ind|Tense=Pres|Voice=Act|Person=3
ipsa,ipse,PROdem,Case=Nom|Numb=Sing
ad,ad,PRE,MORPH=empty
laudem,lavs,NOM3,Case=Acc|Numb=Sing
Domini,dominvs,NOM2,Case=Gen|Numb=Sing
in,in,PRE,MORPH=empty
oraculo,oracvlvm,NOM2,Case=Abl|Numb=Sing
exurgit,exsvrgo,VER,Numb=Sing|Mood=Ind|Tense=Pres|Voice=Act|Person=3
ipsa,ipse,PROdem,Case=Nom|Numb=Sing
per,per,PRE,MORPH=empty
quod,qvi,PROrel,Case=Acc|Numb=Sing
tuemur,tveor,VER,Numb=Plur|Mood=Ind|Tense=Pres|Voice=Dep|Person=1
Christi,christvs,NOM2,Case=Gen|Numb=Sing
signum,signvm,NOM2,Case=Acc|Numb=Sing
in,in,PRE,MORPH=empty
frontibus,frons,NOM3,Case=Abl|Numb=Plur
notat,noto,VER,Numb=Sing|Mood=Ind|Tense=Pres|Voice=Act|Person=3
ipsa,ipse,PROdem,Case=Acc|Numb=Sing
diuina,divinvs,ADJqua,Case=Acc|Numb=Plur|Deg=Pos
sacramenta,sacramentvm,NOM2,Case=Acc|Numb=Plur
consummat,consvmmo,VER,Numb=Sing|Mood=Ind|Tense=Pres|Voice=Act|Person=3
quid,qvis,PROint,Case=Nom|Numb=Sing
est,svm,VER,Numb=Sing|Mood=Ind|Tense=Pres|Voice=Act|Person=3
at,at,CONcoo,MORPH=empty
iterum,itervm,ADV,Deg=Pos
laqueis,laqvevs,NOM2,Case=Abl|Numb=Plur
diaboli,diabolvm,NOM2,Case=Gen|Numb=Sing
unde,vnde,ADVrel,MORPH=empty
exuta,exvo,VER,Case=Nom|Numb=Sing|Mood=Par|Tense=Perf|Voice=Pass
est,svm,VER,Numb=Sing|Mood=Ind|Tense=Pres|Voice=Act|Person=3
inplicetur,implico,VER,Numb=Sing|Mood=Sub|Tense=Pres|Voice=Pass|Person=3
aleatricem,aleatrix,NOM3,Case=Acc|Numb=Sing
manum,manvs,NOM4,Case=Acc|Numb=Sing
dico,dico,VER,Numb=Sing|Mood=Ind|Tense=Pres|Voice=Act|Person=1
quae,qvi,PROrel,Case=Nom|Numb=Sing
se,svi,PROref,Case=Acc|Numb=Sing
ipsa,ipse,PROdem,Case=Nom|Numb=Sing
perdit,perdo,VER,Numb=Sing|Mood=Ind|Tense=Pres|Voice=Act|Person=3
et,et,CONcoo,MORPH=empty
damnat,damno,VER,Numb=Sing|Mood=Ind|Tense=Pres|Voice=Act|Person=3
manum,manvs,NOM4,Case=Acc|Numb=Sing
quae,qvi,PROrel,Case=Nom|Numb=Sing
libidinoso,libidinosvs,ADJqua,Case=Dat|Numb=Sing|Deg=Pos
studio,stvdivm,NOM2,Case=Abl|Numb=Sing
consueuit,consvesco,VER,Numb=Sing|Mood=Ind|Tense=Perf|Voice=Act|Person=3
id,is,PROdem,Case=Nom|Numb=Sing
est,svm,VER,Numb=Sing|Mood=Ind|Tense=Pres|Voice=Act|Person=3
aleae,alea,NOM1,Case=Gen|Numb=Sing
tabula,tabvla,NOM1,Case=Nom|Numb=Sing
quod,qvi,PROrel,Case=Nom|Numb=Sing
est,svm,VER,Numb=Sing|Mood=Ind|Tense=Pres|Voice=Act|Person=3
diaboli,diabolvm,NOM2,Case=Gen|Numb=Sing
uenabulum,venabvlvm,NOM2,Case=Nom|Numb=Sing
et,et,CONcoo,MORPH=empty
delicti,delictvm,NOM2,Case=Gen|Numb=Sing
uulnus,vvlnvs,NOM3,Case=Nom|Numb=Sing
insanabile,insanabilis,ADJqua,Case=Nom|Numb=Sing|Deg=Pos
.,vnvs,ADJcar,Case=Gen|Numb=Sing
Aleae,alea,NOM1,Case=Gen|Numb=Sing
tabula,tabvla,NOM1,Case=Abl|Numb=Sing
dico,dico,VER,Numb=Sing|Mood=Ind|Tense=Pres|Voice=Act|Person=1
ubi,vbi,ADVrel,MORPH=empty
diabolus,diabolvs,ADJqua,Case=Nom|Numb=Sing
praesto,praesto,ADV,Deg=Pos
est,svm,VER,Numb=Sing|Mood=Ind|Tense=Pres|Voice=Act|Person=3
ad,ad,PRE,MORPH=empty
capiendum,capio,VER,Case=Acc|Numb=Sing|Mood=Ger|Voice=Act
summissua,svbmissvs,ADJqua,Case=Acc|Numb=Plur|Deg=Pos
et,et,CONcoo,MORPH=empty
cum,cvm,CONsub,MORPH=empty
ceperit,capio,VER,Numb=Sing|Mood=Ind|Tense=Fut|Voice=Act|Person=3
de,de,PRE,MORPH=empty
captiuo,captivvs,NOM2,Case=Abl|Numb=Sing|Deg=Pos
triumphus,trivmphvs,NOM2,Case=Nom|Numb=Sing
suus,svvs,PROpos.ref,Case=Nom|Numb=Sing
perfidia,perfidia,NOM1,Case=Abl|Numb=Sing
falsa,falsvs,ADJqua,Case=Nom|Numb=Plur|Deg=Pos
testimonia,testimonivm,NOM2,Case=Nom|Numb=Plur
.,qvinqvaginta,ADJcar,Case=Gen|Numb=Plur
tabula,tabvla,NOM1,Case=Abl|Numb=Sing
aleae,alea,NOM1,Case=Gen|Numb=Sing
dico,dico,VER,Numb=Sing|Mood=Ind|Tense=Pres|Voice=Act|Person=1
ubi,vbi,ADVrel,MORPH=empty
dementia,dementia,NOM1,Case=Nom|Numb=Sing
furia,fvria,NOM1,Case=Nom|Numb=Sing
.,qvintvs,ADJcar,Case=Gen|Numb=Plur
et,et,CONcoo,MORPH=empty
uenale,venalis,ADJqua,Case=Acc|Numb=Sing|Deg=Pos
periurium,perivrivm,NOM2,Case=Acc|Numb=Sing
et,et,CONcoo,MORPH=empty
conloquium,colloqvivm,NOM2,Case=Acc|Numb=Sing
serpentinum,serpentinvs,ADJqua,Case=Acc|Numb=Sing|Deg=Pos
.,vnvs,ADJcar,Case=Gen|Numb=Sing
illic,illic,ADV,Deg=Pos
rabiosa,rabiosvs,ADJqua,Case=Nom|Numb=Sing|Deg=Pos
amicitia,amicitia,NOM1,Case=Nom|Numb=Sing
illic,illic,ADV,Deg=Pos
atrocissimi,atrox,ADJqua,Case=Gen|Numb=Sing|Deg=Sup
sceleris,scelvs,NOM3,Case=Gen|Numb=Sing
inmanitas,immanitas,NOM3,Case=Nom|Numb=Sing
illic,illic,ADV,Deg=Pos
fraternitas,fraternitas,NOM3,Case=Nom|Numb=Sing
discordans,discordo,VER,Case=Nom|Numb=Sing|Mood=Par|Tense=Pres|Voice=Act
illic,illic,ADV,Deg=Pos
conuicia,convicivm,NOM2,Case=Acc|Numb=Plur
et,et,CONcoo,MORPH=empty
audacia,avdacia,NOM1,Case=Abl|Numb=Sing
saeua,saevvs,ADJqua,Case=Nom|Numb=Sing|Deg=Pos
et,et,CONcoo,MORPH=empty
mens,mens,NOM3,Case=Nom|Numb=Sing
insana,insanvs,ADJqua,Case=Abl|Numb=Sing|Deg=Pos
et,et,CONcoo,MORPH=empty
fera,fervs,ADJqua,Case=Abl|Numb=Sing|Deg=Pos
inpatientia,impatientia,NOM1,Case=Abl|Numb=Sing
.,qvinqvaginta,ADJcar,Case=Gen|Numb=Plur
aleae,alea,NOM1,Case=Gen|Numb=Sing
tabula,tabvla,NOM1,Case=Abl|Numb=Sing
dico,dico,VER,Numb=Sing|Mood=Ind|Tense=Pres|Voice=Act|Person=1
ubi,vbi,CONsub,MORPH=empty
possessionum,possessio,NOM3,Case=Gen|Numb=Plur
amissio,amissio,NOM3,Case=Nom|Numb=Sing
et,et,CONcoo,MORPH=empty
pecuniarum,pecvnia,NOM1,Case=Gen|Numb=Plur
ingentium,ingens,ADJqua,Case=Gen|Numb=Plur|Deg=Pos
perditus,perditvs,ADJqua,Case=Nom|Numb=Sing|Deg=Pos
et,et,CONcoo,MORPH=empty
demonstrans,demonstro,VER,Case=Nom|Numb=Sing|Mood=Par|Tense=Pres|Voice=Act
litigiosum,litigiosvs,ADJqua,Case=Acc|Numb=Sing|Deg=Pos
et,et,CONcoo,MORPH=empty
furax,fvrax,NOM3,Case=Nom|Numb=Sing|Deg=Pos
dementia.s,dementia,NOM1,Case=Acc|Numb=Plur
o,o,INJ,MORPH=empty
aleatorum,aleator,NOM3,Case=Gen|Numb=Plur
noxia,noxivs,ADJqua,Case=Nom|Numb=Sing|Deg=Pos
sedentaria,sedentarivs,ADJqua,Case=Nom|Numb=Sing|Deg=Pos
et,et,CONcoo,MORPH=empty
pigra,piger,ADJqua,Case=Abl|Numb=Sing|Deg=Pos
nequitia,neqvitia,NOM1,Case=Abl|Numb=Sing
s,s,PRE,MORPH=empty
o,o,INJ,MORPH=empty
manus,manvs,NOM4,Case=Acc|Numb=Plur
crudeles,crvdelis,ADJqua,Case=Nom|Numb=Plur|Deg=Pos
et,et,CONcoo,MORPH=empty
ad,ad,PRE,MORPH=empty
periculum,pericvlvm,NOM2,Case=Acc|Numb=Sing
sui,svvs,PROref,Case=Gen|Numb=Sing
armatae,armatvs,ADJqua,Case=Nom|Numb=Plur
quae,qvi,PROrel,Case=Nom|Numb=Plur
bona,bonvm,NOM2,Case=Acc|Numb=Plur
paterna,paternvs,ADJqua,Case=Acc|Numb=Plur|Deg=Pos
et,et,CONcoo,MORPH=empty
opes,ops,NOM3,Case=Acc|Numb=Plur
auorum,avvs,NOM2,Case=Gen|Numb=Plur
sudoribus,svdor,NOM3,Case=Abl|Numb=Plur
quaesitas,qvaero,VER,Case=Acc|Numb=Plur|Mood=Par|Tense=Perf|Voice=Pass
ignominioso,ignominiosvs,ADJqua,Case=Abl|Numb=Sing|Deg=Pos
studio,stvdivm,NOM2,Case=Abl|Numb=Sing
dilapidant,dilapido,VER,Numb=Plur|Mood=Ind|Tense=Pres|Voice=Act|Person=3
.,qvadrantae,ADJcar,Case=Acc|Numb=Plur
manus,manvs,NOM4,Case=Nom|Numb=Plur
trux,trvx,ADJqua,Case=Nom|Numb=Sing|Deg=Pos
noxia,noxivs,ADJqua,Case=Nom|Numb=Sing|Deg=Pos
et,et,CONcoo,MORPH=empty
insomnis,insomnis,ADJqua,Case=Nom|Numb=Sing|Deg=Pos
nocte,nox,NOM3,Case=Abl|Numb=Sing
die,dies,NOM5,Case=Abl|Numb=Sing
-que,qvove,CONcoo,MORPH=empty
continuis,continvvs,ADJqua,Case=Abl|Numb=Plur|Deg=Pos
instrumentorum,instrvmentvm,NOM2,Case=Gen|Numb=Plur
suorum,svi,PROpos.ref,Case=Gen|Numb=Plur
armigera,armiger,ADJqua,Case=Nom|Numb=Sing
quae,qvi,PROrel,Case=Nom|Numb=Sing
peccatis,peccatvm,NOM2,Case=Dat|Numb=Plur
se,svi,PROref,Case=Acc|Numb=Sing
ipsa,ipse,PROdem,Case=Nom|Numb=Sing
damnauit,damno,VER,Numb=Sing|Mood=Ind|Tense=Perf|Voice=Act|Person=3
et,et,CONcoo,MORPH=empty
post,post,PRE,MORPH=empty
peccatum,peccatvm,NOM2,Case=Acc|Numb=Sing
non,non,ADVneg,MORPH=empty
desinit.s,desinio,VER,Numb=Sing|Mood=Ind|Tense=Perf|Voice=Pass
o,o,INJ,MORPH=empty
nequam,neqvam,NOM6,Case=Ind|Deg=Pos
manus,manvs,NOM4,Case=Nom|Numb=Sing
in,in,PRE,MORPH=empty
perniciem,pernicies,NOM5,Case=Acc|Numb=Sing
Domini,dominvs,NOM2,Case=Gen|Numb=Sing
sui,svvs,PROpos.ref,Case=Gen|Numb=Sing
armata,armatvs,ADJqua,Case=Nom|Numb=Sing
quae,qvi,PROrel,Case=Nom|Numb=Sing
sordidissimis,sordidvs,ADJqua,Case=Dat|Numb=Plur|Deg=Sup
aeris,aes,NOM3,Case=Gen|Numb=Sing
totam,totvs,PROind,Case=Acc|Numb=Sing
substantiam,svbstantia,NOM1,Case=Acc|Numb=Sing
perdit,perdo,VER,Numb=Sing|Mood=Ind|Tense=Pres|Voice=Act|Person=3
et,et,CONcoo,MORPH=empty
cum,cvm,CONsub,MORPH=empty
tot,tot,PROdem,Case=Ind
essent,svm,VER,Numb=Plur|Mood=Sub|Tense=Impa|Voice=Act|Person=3
augendae,avgeo,VER,Case=Gen|Numb=Sing|Mood=Adj|Voice=Pass
rei,res,NOM5,Case=Gen|Numb=Sing
familiaris,familiaris,NOM3,Case=Gen|Numb=Sing|Deg=Pos
et,et,CONcoo,MORPH=empty
multae,mvltvs,ADJqua,Case=Gen|Numb=Sing|Deg=Pos
abundantiae,abvndantia,NOM1,Case=Gen|Numb=Sing
opes,ops,NOM3,Case=Nom|Numb=Plur
modo,modo,ADV,Deg=Pos
inops,inops,ADJqua,Case=Nom|Numb=Sing|Deg=Pos
et,et,CONcoo,MORPH=empty
pauper,pavper,ADJqua,Case=Nom|Numb=Sing|Deg=Pos
est,svm,VER,Numb=Sing|Mood=Ind|Tense=Pres|Voice=Act|Person=3
.,vnvs,ADJcar,Case=Gen|Numb=Sing
alea,alea,NOM1,Case=Nom|Numb=Sing
est,svm,VER,Numb=Sing|Mood=Ind|Tense=Pres|Voice=Act|Person=3
quam,qvi,PROrel,Case=Acc|Numb=Sing
lex,lex,NOM3,Case=Nom|Numb=Sing
odit,odi,VER,Numb=Sing|Mood=Ind|Tense=Perf|Voice=Act|Person=3
alea,alea,NOM1,Case=Nom|Numb=Sing
est,svm,VER,Numb=Sing|Mood=Ind|Tense=Pres|Voice=Act|Person=3
quam,qvi,PROrel,Case=Acc|Numb=Sing
insequitur,inseqvor,VER,Numb=Sing|Mood=Ind|Tense=Pres|Voice=Dep|Person=3
crimen,crimen,NOM3,Case=Nom|Numb=Sing
ignobile,ignobilis,ADJqua,Case=Nom|Numb=Sing|Deg=Pos
ubi,vbi,ADVrel,MORPH=empty
manifesta,manifestvs,ADJqua,Case=Nom|Numb=Sing|Deg=Pos
temptatio,temptatio,NOM3,Case=Nom|Numb=Sing
et,et,CONcoo,MORPH=empty
poena,poena,NOM1,Case=Nom|Numb=Sing
occulta,occvltvs,ADJqua,Case=Nom|Numb=Sing|Deg=Pos
.,qvintvs,ADJcar,Case=Gen|Numb=Sing
alueus,alvevs,NOM2,Case=Nom|Numb=Sing
laqueus,laqvevs,NOM2,Case=Nom|Numb=Sing
est,svm,VER,Numb=Sing|Mood=Ind|Tense=Pres|Voice=Act|Person=3
ille,ille,PROdem,Case=Nom|Numb=Sing
mali,malvm,NOM2,Case=Gen|Numb=Sing
et,et,CONcoo,MORPH=empty
supplantatio,svpplantatio,NOM3,Case=Nom|Numb=Sing
inimici,inimicvs,NOM2,Case=Gen|Numb=Sing
qui,qvi,PROrel,Case=Nom|Numb=Sing
nec,nec,CONcoo,MORPH=empty
lucrum,lvcrvm,NOM2,Case=Acc|Numb=Sing
confert,confero,VER,Numb=Sing|Mood=Ind|Tense=Pres|Voice=Act|Person=3
sed,sed,CONcoo,MORPH=empty
totum,totvs,PROind,Case=Acc|Numb=Sing
consumit,consvmo,VER,Numb=Sing|Mood=Ind|Tense=Pres|Voice=Act|Person=3
.,vnvs,ADJcar,Case=Acc|Numb=Plur
hinc,hinc,ADV,Deg=Pos
deinde,deinde,ADV,Deg=Pos
pauperes,pavper,ADJqua,Case=Nom|Numb=Plur|Deg=Pos
fiunt,fio,VER,Numb=Plur|Mood=Ind|Tense=Pres|Voice=Act|Person=3
hinc,hinc,ADV,Deg=Pos
opes,ops,NOM3,Case=Acc|Numb=Plur
suas,svvs,PROpos.ref,Case=Acc|Numb=Plur
perdunt,perdo,VER,Numb=Plur|Mood=Ind|Tense=Pres|Voice=Act|Person=3
hinc,hinc,ADV,Deg=Pos
iam,iam,ADV,Deg=Pos
consumptis,consvmo,VER,Case=Abl|Numb=Plur|Mood=Par|Tense=Perf|Voice=Pass
omnibus,omnis,PROind,Case=Abl|Numb=Plur
rebus,res,NOM5,Case=Abl|Numb=Plur
suis,svvs,PROpos.ref,Case=Abl|Numb=Plur
mutuis,mvtvvs,ADJqua,Case=Abl|Numb=Plur|Deg=Pos
pecuniis,pecvnia,NOM1,Case=Abl|Numb=Plur
se,svi,PROref,Case=Acc|Numb=Sing
obruunt,obrvo,VER,Numb=Plur|Mood=Ind|Tense=Pres|Voice=Act|Person=3
hinc,hinc,ADV,Deg=Pos
patrimonium,patrimonivm,NOM2,Case=Acc|Numb=Sing
sine,sine,PRE,MORPH=empty
ulla,vllvs,PROind,Case=Abl|Numb=Sing
fori,forvm,NOM2,Case=Gen|Numb=Sing
calumnia,calvmnia,NOM1,Case=Abl|Numb=Sing
amittunt,amitto,VER,Numb=Plur|Mood=Ind|Tense=Pres|Voice=Act|Person=3
.,qvintvs,ADJcar,Case=Ind|Numb=Plur
quales,qvalis,PROrel,Case=Nom|Numb=Plur
sunt,svm,VER,Numb=Plur|Mood=Ind|Tense=Pres|Voice=Act|Person=3
fideles,fidelis,ADJqua,Case=Nom|Numb=Plur|Deg=Pos
ut,vt,CONsub,MORPH=empty
quos,qvi,PROrel,Case=Acc|Numb=Plur
nemo,nemo,PROind,Case=Nom|Numb=Sing
persequitur,perseqvor,VER,Numb=Sing|Mood=Ind|Tense=Pres|Voice=Dep|Person=3
se,svi,PROref,Case=Acc|Numb=Sing
ipsos,ipse,PROdem,Case=Acc|Numb=Plur
inuidia,invidia,NOM1,Case=Abl|Numb=Sing
persequantur,perseqvor,VER,Numb=Plur|Mood=Sub|Tense=Pres|Voice=Dep|Person=3
ut,vt,CONsub,MORPH=empty
paternas,paternvs,ADJqua,Case=Acc|Numb=Plur|Deg=Pos
suas,svvs,PROpos.ref,Case=Acc|Numb=Plur
hereditates,hereditas,NOM3,Case=Acc|Numb=Plur
sub,svb,PRE,MORPH=empty
ossuorum,ossvm,NOM2,Case=Gen|Numb=Plur
multiformi,mvltiformis,ADJqua,Case=Abl|Numb=Plur|Deg=Pos
numero,nvmervs,NOM2,Case=Abl|Numb=Sing
disperdant,disperdo,VER,Numb=Plur|Mood=Sub|Tense=Pres|Voice=Act|Person=3
est,svm,VER,Numb=Sing|Mood=Ind|Tense=Pres|Voice=Act|Person=3
et,et,CONcoo,MORPH=empty
quando,qvando,CONsub,MORPH=empty
ipsi,ipse,PROdem,Case=Nom|Numb=Plur
aleatores,aleator,NOM3,Case=Nom|Numb=Plur
cum,cvm,PRE,MORPH=empty
prostitutis,prostitvtvm,VER,Case=Abl|Numb=Plur|Tense=Perf|Voice=Pass
mulieribus,mvlier,NOM3,Case=Abl|Numb=Plur
penes,penes,PRE,MORPH=empty
auctorem,avctor,NOM3,Case=Acc|Numb=Sing
suum,svvs,PROpos.ref,Case=Acc|Numb=Sing
nocturnas,noctvrnvs,ADJqua,Case=Acc|Numb=Plur|Deg=Pos
uigilias,vigilia,NOM1,Case=Acc|Numb=Plur
clausis,clavdo,VER,Case=Abl|Numb=Plur|Mood=Par|Tense=Perf|Voice=Pass
foribus,foris,NOM3,Case=Abl|Numb=Plur
celebrant,celebro,VER,Numb=Plur|Mood=Ind|Tense=Pres|Voice=Act|Person=3
armantur,armo,VER,Numb=Plur|Mood=Ind|Tense=Pres|Voice=Pass|Person=3
aduersum,adversvs,PRE,MORPH=empty
se,svi,PROref,Case=Acc|Numb=Sing
miseri,miser,ADJqua,Case=Nom|Numb=Plur|Deg=Pos
spiritu,spiritvs,NOM4,Case=Abl|Numb=Sing
diaboli,diabolvm,NOM2,Case=Gen|Numb=Sing
repleti,repleo,VER,Numb=Plur|Mood=Par|Tense=Perf|Voice=Pass
.,qvintvs,ADJcar,Case=Acc|Numb=Plur
et,et,CONcoo,MORPH=empty
illic,illic,ADV,Deg=Pos
duplicem,dvplex,ADJmul,Case=Acc|Numb=Sing|Deg=Pos
ac,ac,CONcoo,MORPH=empty
geminum,geminvs,ADJqua,Case=Acc|Numb=Sing|Deg=Pos
crimen,crimen,NOM3,Case=Acc|Numb=Sing
admittunt,admitto,VER,Numb=Plur|Mood=Ind|Tense=Pres|Voice=Act|Person=3
.,vnvs,ADJcar,Case=Ind|Numb=Plur
hic,hic,PROdem,Case=Nom|Numb=Sing
concrepat,concrepo,VER,Numb=Sing|Mood=Ind|Tense=Pres|Voice=Act|Person=3
aleae,alea,NOM1,Case=Nom|Numb=Sing
sonus,sonvs,NOM2,Case=Nom|Numb=Sing
illae,ille,PROdem,Case=Nom|Numb=Plur
silentio,silentivm,NOM2,Case=Abl|Numb=Sing
operatur,operor,VER,Numb=Sing|Mood=Ind|Tense=Pres|Voice=Pass|Person=3
incestus,incestvs,NOM4,Case=Nom|Numb=Sing
hic,hic,ADV,Numb=Sing
sine,sine,PRE,MORPH=empty
ullo,vllvs,PROind,Case=Abl|Numb=Sing
dignitatis,dignitas,NOM3,Case=Gen|Numb=Sing
suae,svvs,PROpos.ref,Case=Gen|Numb=Sing
respectu,respectvs,NOM4,Case=Abl|Numb=Sing
sine,sine,PRE,MORPH=empty
ulla,vllvs,PROind,Case=Abl|Numb=Sing
excusatione,excvsatio,NOM3,Case=Abl|Numb=Sing
pestifero,pestifer,ADJqua,Case=Abl|Numb=Sing|Deg=Pos
studio,stvdivm,NOM2,Case=Abl|Numb=Sing
cedere,cedo,VER,Mood=Inf|Tense=Pres|Voice=Act
bonis,bonvm,NOM2,Case=Abl|Numb=Plur
suis,svvs,PROpos.ref,Case=Abl|Numb=Plur
coguntur,cogo,VER,Numb=Plur|Mood=Ind|Tense=Pres|Voice=Pass|Person=3
illic,illic,ADV,Deg=Pos
secreto,secreto,ADV,Deg=Pos
mortale,mortalis,ADJqua,Case=Nom|Numb=Sing|Deg=Pos
uenenum,venenvm,NOM2,Case=Nom|Numb=Sing
bibitur,bibo,VER,Numb=Sing|Mood=Ind|Tense=Pres|Voice=Pass|Person=3
.,qvintvs,ADJcar,Case=Acc|Numb=Plur
Vnde,vnde,NOM2,Case=Voc|Numb=Sing
haec,hic,PROdem,Case=Nom|Numb=Sing
sacrilega,sacrilegvs,ADJqua,Case=Nom|Numb=Sing|Deg=Pos
meditatio,meditatio,NOM3,Case=Nom|Numb=Sing
unde,vnde,ADVrel,MORPH=empty
hoc,hic,PROdem,Case=Acc|Numb=Sing
crimen,crimen,NOM3,Case=Acc|Numb=Sing
anctorum,anctvs,ADJqua,Case=Gen|Numb=Plur|Deg=Pos
testimonio,testimonivm,NOM2,Case=Abl|Numb=Sing
conprobamus,comprobo,VER,Numb=Plur|Mood=Ind|Tense=Pres|Voice=Act|Person=1
.,vnvs,ADJcar,Case=Acc|Numb=Plur
cum,cvm,CONsub,MORPH=empty
enim,enim,CONcoo,MORPH=empty
quidam,qvidam,PROind,Case=Nom|Numb=Sing
studio,stvdivm,NOM2,Case=Abl|Numb=Sing
litterarum,littera,NOM1,Case=Gen|Numb=Plur
bene,bene,ADV,Deg=Pos
eruditus,ervditvs,ADJqua,Case=Nom|Numb=Sing|Deg=Pos
multum,mvltvm,ADV,Deg=Pos
meditando,meditor,VER,Case=Abl|Numb=Sing|Mood=Ger|Voice=Dep
hoc,hic,PROdem,Case=Acc|Numb=Sing
malum,malvm,NOM2,Case=Acc|Numb=Sing
et,et,CONcoo,MORPH=empty
tam,tam,ADV,Deg=Pos
perniciosum,perniciosvs,ADJqua,Case=Acc|Numb=Sing|Deg=Pos
studium,stvdivm,NOM2,Case=Acc|Numb=Sing
adinuenit,adinvo,VER,Numb=Sing|Mood=Ind|Tense=Perf|Voice=Act|Person=3
instinctu,instinctvs,NOM4,Case=Abl|Numb=Sing
diaboli,diabolvm,NOM2,Case=Gen|Numb=Sing
qui,qvi,PROrel,Case=Nom|Numb=Sing
eum,is,PROdem,Case=Acc|Numb=Sing
artibus,ars,NOM3,Case=Abl|Numb=Plur
suis,svvs,PROpos.ref,Case=Abl|Numb=Plur
repleuerat,repleo,VER,Numb=Sing|Mood=Ind|Tense=Pqp|Voice=Act|Person=3
hanc,hic,PROdem,Case=Acc|Numb=Sing
ergo,ergo,CONcoo,MORPH=empty
artem,ars,NOM3,Case=Acc|Numb=Sing
ostendit,ostendo,VER,Numb=Sing|Mood=Ind|Tense=Pres|Voice=Act|Person=3
quam,qvi,PROrel,Case=Acc
et,et,CONcoo,MORPH=empty
colendam,colo,VER,Case=Acc|Numb=Sing|Mood=Adj|Voice=Pass
sculpturis,scvlptvra,NOM1,Case=Dat|Numb=Plur
cum,cvm,PRE,MORPH=empty
sua,svvs,PROpos.ref,Case=Abl|Numb=Sing
imagine,imago,NOM3,Case=Abl|Numb=Sing
fabricauit,fabrico,VER,Numb=Sing|Mood=Ind|Tense=Perf|Voice=Act|Person=3
.,qvintvs,ADJcar,Case=Acc|Numb=Plur
statuit,statvo,VER,Numb=Sing|Mood=Ind|Tense=Perf|Voice=Act|Person=3
itaque,itaqve,CONcoo,MORPH=empty
imaginem,imago,NOM3,Case=Acc|Numb=Sing
speciei,species,NOM5,Case=Gen|Numb=Sing
suae,svvs,PROpos.ref,Case=Gen|Numb=Sing
cum,cvm,PRE,MORPH=empty
nominis,nomen,NOM3,Case=Gen|Numb=Sing
sui,svvs,PROpos.ref,Case=Gen|Numb=Sing
subscriptione,svbscriptio,NOM3,Case=Abl|Numb=Sing
suggerente,svggero,VER,Case=Abl|Numb=Sing|Mood=Par|Tense=Pres|Voice=Act
sibi,svi,PROref,Case=Dat|Numb=Sing
inimico,inimicvs,NOM2,Case=Abl|Numb=Sing
qui,qvi,PROrel,Case=Nom|Numb=Sing
ut,vt,CONsub,MORPH=empty
hanc,hic,PROdem,Case=Acc|Numb=Sing
artem,ars,NOM3,Case=Acc|Numb=Sing
excogitaret,excogito,VER,Numb=Sing|Mood=Sub|Tense=Impa|Voice=Act|Person=3
in,in,PRE,MORPH=empty
pectore,pectvs,NOM3,Case=Abl|Numb=Sing
subiecit,svbicio,VER,Numb=Sing|Mood=Ind|Tense=Perf|Voice=Act|Person=3
.,qvintvs,ADJcar,Case=Acc|Numb=Plur
sic,sic,ADV,Deg=Pos
ergo,ergo,CONcoo,MORPH=empty
se,svi,PROref,Case=Acc|Numb=Sing
in,in,PRE,MORPH=empty
imagine,imago,NOM3,Case=Abl|Numb=Sing
perniciosa,perniciosvs,ADJqua,Case=Abl|Numb=Sing|Deg=Pos
demonstrans,demonstro,VER,Case=Nom|Numb=Sing|Mood=Par|Tense=Pres|Voice=Act
alto,altvs,ADJqua,Case=Abl|Numb=Sing|Deg=Pos
se,svi,PROref,Case=Acc|Numb=Sing
quodam,qvidam,PROind,Case=Abl|Numb=Sing
loco,locvs,NOM2,Case=Abl|Numb=Sing
condidit,condo,VER,Numb=Sing|Mood=Ind|Tense=Perf|Voice=Act|Person=3
in,in,PRE,MORPH=empty
sinus,sinvs,NOM4,Case=Acc|Numb=Plur
suos,svi,PROpos.ref,Case=Acc|Numb=Plur
hanc,hic,PROdem,Case=Acc|Numb=Sing
aleae,alea,NOM1,Case=Gen|Numb=Sing
tabulam,tabvla,NOM1,Case=Acc|Numb=Sing
gestans,gesto,VER,Case=Nom|Numb=Sing|Mood=Par|Tense=Pres|Voice=Act
ut,vt,CONsub,MORPH=empty
quasi,qvasi,CONsub,MORPH=empty
ipso,ipse,PROdem,Case=Abl|Numb=Sing
lusor,lvsor,NOM3,Case=Nom|Numb=Sing
et,et,CONcoo,MORPH=empty
adinuentor,adinventor,NOM3,Case=Nom|Numb=Sing
huius,hic,PROdem,Case=Gen|Numb=Sing
malitiae,malitia,NOM1,Case=Gen|Numb=Sing
appareret,appareo,VER,Numb=Sing|Mood=Sub|Tense=Impa|Voice=Act|Person=3
cuius,qvi,PROrel,Case=Gen|Numb=Sing
nomen,nomen,NOM3,Case=Acc|Numb=Sing
a,ab,PRE,MORPH=empty
Dei,dei,NOM2,Case=Gen|Numb=Sing
semis,semis,NOM3,Case=Abl|Numb=Sing
nominari,nomino,VER,Mood=Inf|Tense=Pres|Voice=Pass
non,non,ADVneg,MORPH=empty
debet,debeo,VER,Numb=Sing|Mood=Ind|Tense=Pres|Voice=Act|Person=3
sic,sic,ADV,Deg=Pos
enim,enim,CONcoo,MORPH=empty
in,in,PRE,MORPH=empty
nomine,nomen,NOM3,Case=Abl|Numb=Sing
turpis,tvrpis,ADJqua,Case=Nom|Numb=Sing|Deg=Pos
est,svm,VER,Numb=Sing|Mood=Ind|Tense=Pres|Voice=Act|Person=3
quomodo,qvomodo,ADVrel,MORPH=empty
in,in,PRE,MORPH=empty
factis,factvm,NOM2,Case=Abl|Numb=Plur
iniquus,iniqvvs,ADJqua,Case=Nom|Numb=Sing|Deg=Pos
et,et,CONcoo,MORPH=empty
quisque,qvisqve,PROind,Case=Nom|Numb=Sing
Dei,devs,NOM2,Case=Gen|Numb=Sing
seruus,servvs,NOM2,Case=Nom|Numb=Sing
aleae,alea,NOM1,Case=Gen|Numb=Sing
tabulam,tabvla,NOM1,Case=Acc|Numb=Sing
amplectitur,amplector,VER,Numb=Sing|Mood=Ind|Tense=Pres|Voice=Dep|Person=3
auctoris,avctor,NOM3,Case=Gen|Numb=Sing
nomine,nomen,NOM3,Case=Abl|Numb=Sing
uocaretur,voco,VER,Numb=Sing|Mood=Sub|Tense=Impa|Voice=Pass|Person=3
.,qvintvs,ADJcar,Case=Acc|Numb=Plur
ille,ille,PROdem,Case=Nom|Numb=Sing
enim,enim,CONcoo,MORPH=empty
cum,cvm,CONsub,MORPH=empty
se,svi,PROref,Case=Acc|Numb=Sing
in,in,PRE,MORPH=empty
statunculis,statvncvlvm,NOM2,Case=Abl|Numb=Plur
et,et,CONcoo,MORPH=empty
simulacris,simvlacrvm,NOM2,Case=Abl|Numb=Plur
formaret,formo,VER,Numb=Sing|Mood=Sub|Tense=Impa|Voice=Act|Person=3
aliud,alivs,PROind,Case=Acc|Numb=Sing
crimen,crimen,NOM3,Case=Acc|Numb=Sing
adinuenit,adinvo,VER,Numb=Sing|Mood=Ind|Tense=Perf|Voice=Act|Person=3
quo,qvi,PROrel,Case=Abl|Numb=Sing
se,svi,PROref,Case=Acc|Numb=Sing
ab,ab,PRE,MORPH=empty
imitatoribus,imitator,NOM3,Case=Abl|Numb=Plur
suis,svvs,PROpos.ref,Case=Abl|Numb=Plur
colendum,colo,VER,Case=Acc|Numb=Sing|Mood=Adj|Voice=Pass
diceret,dico,VER,Numb=Sing|Mood=Sub|Tense=Impa|Voice=Act|Person=3
sacrificandi,sacrifico,VER,Case=Gen|Numb=Sing|Mood=Ger|Voice=Act
sibi,svi,PROref,Case=Dat|Numb=Sing
legem,lex,NOM3,Case=Acc|Numb=Sing
terminauit,termino,VER,Numb=Sing|Mood=Ind|Tense=Perf|Voice=Act|Person=3
ita,ita,ADV,Deg=Pos
ut,vt,CONsub,MORPH=empty
qui,qvi,PROrel,Case=Nom|Numb=Sing
uellet,volo,VER,Numb=Sing|Mood=Sub|Tense=Impa|Voice=Act|Person=3
studio,stvdivm,NOM2,Case=Abl|Numb=Sing
eius,is,PROdem,Case=Gen|Numb=Sing
adhaerere,adhaereo,VER,Mood=Inf|Tense=Pres|Voice=Act
non,non,ADVneg,MORPH=empty
ante,ante,PRE,MORPH=empty
manum,manvs,NOM4,Case=Acc|Numb=Sing
in,in,PRE,MORPH=empty
tabulam,tabvla,NOM1,Case=Acc|Numb=Sing
porrigeret,porrigo,VER,Numb=Sing|Mood=Sub|Tense=Impa|Voice=Act|Person=3
nisi,nisi,CONsub,MORPH=empty
auctori,avctor,NOM3,Case=Dat|Numb=Sing
eius,is,PROdem,Case=Gen|Numb=Sing
prius,privs,ADJadv.ord,Deg=Comp
sacrificasset,sacrifico,VER,Numb=Sing|Mood=Sub|Tense=Pqp|Voice=Act|Person=3
.,pes,ADJcar,Case=Acc|Numb=Plur
inde,inde,ADV,Deg=Pos
factum,factvm,NOM2,Case=Nom|Numb=Sing
est,svm,VER,Numb=Sing|Mood=Ind|Tense=Pres|Voice=Act|Person=3
ut,vt,ADVrel,MORPH=empty
olim,olim,ADV,Deg=Pos
qui,qvi,PROrel,Case=Nom|Numb=Sing
homo,homo,NOM3,Case=Nom|Numb=Sing
fuerat,svm,VER,Numb=Sing|Mood=Ind|Tense=Pqp|Voice=Act|Person=3
et,et,CONcoo,MORPH=empty
facinoris,facinvs,NOM3,Case=Gen|Numb=Sing
admissionis,admissio,NOM3,Case=Gen|Numb=Sing
adulter,advlter,NOM2,Case=Nom|Numb=Sing
post,post,PRE,MORPH=empty
mortem,mors,NOM3,Case=Acc|Numb=Sing
a,ab,PRE,MORPH=empty
profanis,profanvs,ADJqua,Case=Abl|Numb=Plur|Deg=Pos
et,et,CONcoo,MORPH=empty
errantibus,erro,VER,Case=Abl|Numb=Plur|Mood=Par|Tense=Pres|Voice=Act
sub,svb,PRE,MORPH=empty
fictioso,fictiosvs,ADJqua,Case=Abl|Numb=Sing|Deg=Pos
nomine,nomen,NOM3,Case=Abl|Numb=Sing
deitatis,deito,VER,Case=Abl|Numb=Plur|Mood=Par|Tense=Perf|Voice=Pass
coli,colo,VER,Mood=Inf|Tense=Pres|Voice=Pass
meruerit,mereo,VER,Numb=Sing|Mood=Sub|Tense=Perf|Voice=Act|Person=3
.,qvintvs,ADJcar,Case=Acc|Numb=Plur
Aleae,alea,NOM1,Case=Gen|Numb=Sing
tabula,tabvla,NOM1,Case=Nom|Numb=Sing
qui,qvi,PROrel,Case=Nom|Numb=Sing
ludet,lvdo,VER,Numb=Sing|Mood=Ind|Tense=Pres|Voice=Act|Person=3
et,et,CONcoo,MORPH=empty
maleficium,maleficivm,NOM2,Case=Acc|Numb=Sing
nosse,nosco,VER,Mood=Inf|Tense=Perf|Voice=Act
debet,debeo,VER,Numb=Sing|Mood=Ind|Tense=Pres|Voice=Act|Person=3
quod,qvi,PROrel,Case=Nom|Numb=Sing
a,ab,PRE,MORPH=empty
Dei,dei,NOM2,Case=Gen|Numb=Sing
seruos,servvs,NOM2,Case=Nom|Numb=Plur
longe,longe,ADV,Deg=Pos
sit,svm,VER,Numb=Sing|Mood=Sub|Tense=Pres|Voice=Act|Person=3
scientes,sciens,VER,Case=Nom|Numb=Plur|Mood=Par|Tense=Pres|Voice=Act
quoniam,qvoniam,CONsub,MORPH=empty
furor,fvror,NOM3,Case=Nom|Numb=Sing
iste,iste,PROdem,Case=Nom|Numb=Sing
maleficus,maleficvs,ADJqua,Case=Nom|Numb=Sing|Deg=Pos
et,et,CONcoo,MORPH=empty
uenenarius,venenarivs,NOM2,Case=Nom|Numb=Sing
est,svm,VER,Numb=Sing|Mood=Ind|Tense=Pres|Voice=Act|Person=3
sed,sed,CONcoo,MORPH=empty
iterum,itervm,ADV,Deg=Pos
in,in,PRE,MORPH=empty
iudicii,ivdicivm,NOM2,Case=Gen|Numb=Sing
die,dies,NOM5,Case=Abl|Numb=Sing
igne,ignis,NOM3,Case=Abl|Numb=Sing
rotante,roto,VER,Case=Abl|Numb=Sing|Mood=Par|Tense=Pres|Voice=Act
torquebitur,torqveo,VER,Numb=Sing|Mood=Ind|Tense=Fut|Voice=Pass|Person=3
.,qvadrantal,ADJcar,Case=Acc|Numb=Plur
aleae,alea,NOM1,Case=Gen|Numb=Sing
tabula,tabvla,NOM1,Case=Nom|Numb=Sing
qui,qvi,PROrel,Case=Nom|Numb=Sing
ludet,lvdo,VER,Numb=Sing|Mood=Ind|Tense=Pres|Voice=Act|Person=3
prius,privs,ADJadv.ord,Deg=Comp
auctori,avctor,NOM3,Case=Dat|Numb=Sing
eius,is,PROdem,Case=Gen|Numb=Sing
sacrificare,sacrifico,VER,Mood=Inf|Tense=Pres|Voice=Act
debet,debeo,VER,Numb=Sing|Mood=Ind|Tense=Pres|Voice=Act|Person=3
quod,qvod,CONsub,MORPH=empty
Christianis,christianvs,NOM2,Case=Dat|Numb=Plur
non,non,ADVneg,MORPH=empty
licet,licet,VER,Numb=Sing|Mood=Ind|Tense=Pres|Voice=Act|Person=3
dicente,dico,VER,Case=Abl|Numb=Sing|Mood=Par|Tense=Pres|Voice=Act
Domino,dominvs,NOM2,Case=Abl|Numb=Sing
sacrificans,sacrifico,VER,Case=Nom|Numb=Sing|Mood=Par|Tense=Pres|Voice=Act
diis,devs,NOM2,Case=Abl|Numb=Plur
eradicabitur,eradico,VER,Numb=Sing|Mood=Ind|Tense=Fut|Voice=Pass|Person=3
nisi,nisi,CONsub,MORPH=empty
Domino,dominvs,NOM2,Case=Dat|Numb=Sing
soli,solvs,PROind,Case=Dat|Numb=Plur
et,et,CONcoo,MORPH=empty
iterum,itervm,ADV,Deg=Pos
nolite,nolo,VER,Numb=Plur|Mood=Imp|Tense=Pres|Voice=Act|Person=2
sacrificare,sacrifico,VER,Mood=Inf|Tense=Pres|Voice=Act
diis,devs,NOM2,Case=Abl|Numb=Plur
alienis,alienvs,ADJqua,Case=Abl|Numb=Plur|Deg=Pos
ne,ne,CONsub,MORPH=empty
incitetis,incitetvs,ADJqua,Case=Dat|Numb=Plur|Deg=Pos
me,ego,PROper,Case=Acc|Numb=Sing
in,in,PRE,MORPH=empty
operibus,opvs,NOM3,Case=Abl|Numb=Plur
manuum,manvs,NOM4,Case=Gen|Numb=Plur
uestrarum,vester,PROpos,Case=Gen|Numb=Plur
ad,ad,PRE,MORPH=empty
disperdendos,disperdo,VER,Case=Acc|Numb=Plur|Mood=Adj|Voice=Pass
uos,vos,PROper,Case=Acc|Numb=Plur
.,vnvs,ADJcar,Case=Acc|Numb=Plur
christianus,christianvs,NOM2,Case=Nom|Numb=Sing
quicumque,qvicvmqve,PROrel,Case=Nom|Numb=Sing
es,svm,VER,Numb=Sing|Mood=Ind|Tense=Pres|Voice=Act|Person=2
et,et,CONcoo,MORPH=empty
aleae,alea,NOM1,Case=Gen|Numb=Sing
tabula,tabvla,NOM1,Case=Abl|Numb=Sing
ludes,lvdo,VER,Numb=Sing|Mood=Ind|Tense=Fut|Voice=Act|Person=2
licet,licet,VER,Numb=Sing|Mood=Ind|Tense=Pres|Voice=Act|Person=3
non,non,ADVneg,MORPH=empty
sacrifices,sacrifex,ADJqua,Case=Nom|Numb=Plur
lege,lex,NOM3,Case=Abl|Numb=Sing
huius,hic,PROdem,Case=Gen|Numb=Sing
facinoris,facinvs,NOM3,Case=Gen|Numb=Sing
particeps,particeps,ADJqua,Case=Nom|Numb=Sing|Deg=Pos
es,svm,VER,Numb=Sing|Mood=Ind|Tense=Pres|Voice=Act|Person=2
.,vnvs,ADJcar,Case=Acc|Numb=Sing
et,et,CONcoo,MORPH=empty
utique,vtiqve,ADV,Deg=Pos
Dominus,dominvs,NOM2,Case=Nom|Numb=Sing
occurrit,occvrro,VER,Numb=Sing|Mood=Ind|Tense=Pres|Voice=Act|Person=3
et,et,CONcoo,MORPH=empty
dicit,dico,VER,Numb=Sing|Mood=Ind|Tense=Pres|Voice=Act|Person=3
exite,exeo,VER,Numb=Plur|Mood=Imp|Tense=Pres|Voice=Act|Person=2
de,de,PRE,MORPH=empty
ea,is,PROdem,Case=Abl|Numb=Sing
populus,popvlvs,NOM2,Case=Nom|Numb=Sing
meus,mevs,PROpos,Case=Nom|Numb=Sing
ne,ne,CONsub,MORPH=empty
particeps,particeps,ADJqua,Case=Nom|Numb=Sing|Deg=Pos
sis,svm,VER,Numb=Sing|Mood=Sub|Tense=Pres|Voice=Act|Person=2
delictorum,delictvm,NOM2,Case=Gen|Numb=Plur
eius,is,PROdem,Case=Gen|Numb=Sing
.,vnvs,ADJcar,Case=Gen|Numb=Plur
et,et,CONcoo,MORPH=empty
iterum,itervm,ADV,Deg=Pos
discedite,discedo,VER,Numb=Plur|Mood=Imp|Tense=Pres|Voice=Act|Person=2
discedite,discedo,VER,Numb=Plur|Mood=Imp|Tense=Pres|Voice=Act|Person=2
inde,inde,ADV,Deg=Pos
exite,exeo,VER,Numb=Plur|Mood=Imp|Tense=Pres|Voice=Act|Person=2
e,ex,PRE,MORPH=empty
medio,medivm,NOM2,Case=Abl|Numb=Sing
eius,is,PROdem,Case=Gen|Numb=Sing
qui,qvi,PROrel,Case=Nom|Numb=Plur
fertis,fero,VER,Numb=Plur|Mood=Ind|Tense=Pres|Voice=Act|Person=2
uasa,vas,NOM2,Case=Acc|Numb=Plur
Domini,dominvs,NOM2,Case=Gen|Numb=Sing
et,et,CONcoo,MORPH=empty
inmundum,immvndvs,ADJqua,Case=Acc|Numb=Sing|Deg=Pos
ne,ne,CONsub,MORPH=empty
tetigeritis,tango,VER,Numb=Plur|Mood=Sub|Tense=Perf|Voice=Act|Person=2
.,vnvs,ADJcar,Case=Acc|Numb=Plur
christianus,christianvs,NOM2,Case=Nom|Numb=Sing
quicumque,qvicvmqve,PROrel,Case=Nom|Numb=Sing
ea,is,PROdem,Case=Abl|Numb=Sing
et,et,CONcoo,MORPH=empty
alea,alea,NOM1,Case=Abl|Numb=Sing
ludes,lvdo,VER,Numb=Sing|Mood=Ind|Tense=Pres|Voice=Act|Person=2
hoc,hic,PROdem,Case=Abl|Numb=Sing
primo,primvs,ADJord,Case=Abl|Numb=Sing|Deg=Sup
in,in,PRE,MORPH=empty
loco,locvs,NOM2,Case=Abl|Numb=Sing
scire,scio,VER,Mood=Inf|Tense=Pres|Voice=Act
debes,debeo,VER,Numb=Sing|Mood=Ind|Tense=Pres|Voice=Act|Person=2
quia,qvia,CONsub,MORPH=empty
non,non,ADVneg,MORPH=empty
es,svm,VER,Numb=Sing|Mood=Ind|Tense=Pres|Voice=Act|Person=2
christianus,christianvs,NOM2,Case=Nom|Numb=Sing
sed,sed,CONcoo,MORPH=empty
ethnicum,ethicicvs,ADJqua,Case=Nom|Numb=Sing|Deg=Pos
tibi,tv,PROper,Case=Dat|Numb=Sing
nomen,nomen,NOM3,Case=Nom|Numb=Sing
est,svm,VER,Numb=Sing|Mood=Ind|Tense=Pres|Voice=Act|Person=3
et,et,CONcoo,MORPH=empty
illud,ille,PROdem,Case=Nom|Numb=Sing
quod,qvi,PROrel,Case=Nom|Numb=Sing
ad,ad,PRE,MORPH=empty
sacrificium,sacrificivm,NOM2,Case=Acc|Numb=Sing
dominicum,dominicvs,ADJqua,Case=Acc|Numb=Sing|Deg=Pos
pertinet,pertineo,VER,Numb=Sing|Mood=Ind|Tense=Pres|Voice=Act|Person=3
in,in,PRE,MORPH=empty
uacuum,vacvvm,NOM2,Case=Acc|Numb=Sing|Deg=Pos
sumis,svmo,VER,Numb=Sing|Mood=Ind|Tense=Pres|Voice=Act|Person=2
.,vnvs,ADJcar,Case=Acc|Numb=Sing
sic,sic,ADV,Deg=Pos
enim,enim,CONcoo,MORPH=empty
Dominus,dominvs,NOM2,Case=Nom|Numb=Sing
dicit,dico,VER,Numb=Sing|Mood=Ind|Tense=Pres|Voice=Act|Person=3
omnis,omnis,PROind,Case=Acc|Numb=Plur
inmundus,immvndvs,ADJqua,Case=Nom|Numb=Sing|Deg=Pos
non,non,ADVneg,MORPH=empty
tanget,tango,VER,Numb=Sing|Mood=Ind|Tense=Fut|Voice=Act|Person=3
sacrificii,sacrificivm,NOM2,Case=Gen|Numb=Sing
sancti,sanctvs,ADJqua,Case=Gen|Numb=Sing|Deg=Pos
.,vnvs,ADJcar,Case=Gen|Numb=Plur
et,et,CONcoo,MORPH=empty
iterum,itervm,ADV,Deg=Pos
omnis,omnis,PROind,Case=Acc|Numb=Plur
uir,vir,NOM2,Case=Nom|Numb=Sing
manducans,mandvco,VER,Case=Nom|Numb=Sing|Mood=Par|Tense=Pres|Voice=Act
carnem,caro,NOM3,Case=Acc|Numb=Sing
sacrificii,sacrificivm,NOM2,Case=Gen|Numb=Sing
et,et,CONcoo,MORPH=empty
inmunditia,immvnditia,NOM1,Case=Abl|Numb=Sing
eius,is,PROdem,Case=Gen|Numb=Sing
super,svper,PRE,MORPH=empty
ipsum,ipse,PROdem,Case=Acc|Numb=Sing
peribit,pereo,VER,Numb=Sing|Mood=Ind|Tense=Fut|Voice=Act|Person=3
anima,anima,NOM1,Case=Nom|Numb=Sing
illa,ille,PROdem,Case=Nom|Numb=Sing
de,de,PRE,MORPH=empty
populo,popvlvs,NOM2,Case=Abl|Numb=Sing
meo,mevs,PROpos,Case=Abl|Numb=Sing
.,pes,ADJcar,Case=Acc|Numb=Sing
aleator,aleator,NOM3,Case=Nom|Numb=Sing
quicumque,qvicvmqve,PROrel,Case=Nom|Numb=Sing
es,svm,VER,Numb=Sing|Mood=Ind|Tense=Pres|Voice=Act|Person=2
Christianum,christianvs,ADJqua,Case=Acc|Numb=Sing|Deg=Pos
te,tv,PROper,Case=Acc|Numb=Sing
dicis,dico,VER,Numb=Sing|Mood=Ind|Tense=Pres|Voice=Act|Person=2
quod,qvod,CONsub,MORPH=empty
non,non,ADVneg,MORPH=empty
es,svm,VER,Numb=Sing|Mood=Ind|Tense=Pres|Voice=Act|Person=2
eo,is,PROdem,Case=Abl|Numb=Sing
quod,qvod,CONsub,MORPH=empty
saeculo,saecvlvm,NOM2,Case=Abl|Numb=Sing
particeps,particeps,ADJqua,Case=Nom|Numb=Sing|Deg=Pos
ea,is,PROdem,Numb=Sing
.,vnvs,ADJcar,Case=Gen|Numb=Sing
nec,nec,CONcoo,MORPH=empty
amicitiam,amicitia,NOM1,Case=Acc|Numb=Sing
cum,cvm,PRE,MORPH=empty
Christo,christvs,NOM2,Case=Abl|Numb=Sing
habere,habeo,VER,Mood=Inf|Tense=Pres|Voice=Act
potes,possvm,VER,Numb=Sing|Mood=Ind|Tense=Pres|Voice=Act|Person=2
qui,qvi,PROrel,Case=Nom|Numb=Sing
Christi,christvs,NOM2,Case=Gen|Numb=Sing
inimico,inimicvs,NOM2,Case=Dat|Numb=Sing
amicus,amicvs,NOM2,Case=Nom|Numb=Sing
es,svm,VER,Numb=Sing|Mood=Ind|Tense=Pres|Voice=Act|Person=2
.,vnvs,ADJcar,Case=Acc|Numb=Sing
Certe,certe,NOM2,Case=Voc|Numb=Sing
qualis,qvalis,PROrel,Case=Nom|Numb=Sing
dementia,dementia,NOM1,Case=Nom|Numb=Sing
aieatorum,aieator,NOM3,Case=Gen|Numb=Plur
fidelium,fidelis,NOM3,Case=Gen|Numb=Plur|Deg=Pos
ubi,vbi,CONsub,MORPH=empty
insaniunt,insanio,VER,Numb=Plur|Mood=Ind|Tense=Pres|Voice=Act|Person=3
et,et,CONcoo,MORPH=empty
foratissimjs,foratvs,ADJqua,Case=Acc|Numb=Plur|Deg=Sup
uocibus,vox,NOM3,Case=Abl|Numb=Plur
perierant,pereo,VER,Numb=Plur|Mood=Ind|Tense=Pqp|Voice=Act|Person=3
et,et,CONcoo,MORPH=empty
deorbati,deorbo,VER,Case=Nom|Numb=Plur|Mood=Par|Tense=Perf|Voice=Pass
diaboli,diabolvm,NOM2,Case=Gen|Numb=Sing
caligine,caligo,NOM3,Case=Abl|Numb=Sing
inuicem,invicem,ADV,Deg=Pos
sibi,svi,PROref,Case=Dat|Numb=Sing
manus,manvs,NOM4,Case=Acc|Numb=Plur
inferunt,infero,VER,Numb=Plur|Mood=Ind|Tense=Pres|Voice=Act|Person=3
maledicunt,maledico,VER,Numb=Plur|Mood=Ind|Tense=Pres|Voice=Act|Person=3
se,svi,PROref,Case=Acc|Numb=Sing
deuouunt,devoveo,VER,Numb=Plur|Mood=Ind|Tense=Pres|Voice=Act|Person=3
parentorum,parentor,NOM2,Case=Gen|Numb=Plur
originem,origo,NOM3,Case=Acc|Numb=Sing
turbis,tvrba,NOM1,Case=Abl|Numb=Plur
praesentibus,praesens,ADJqua,Case=Abl|Numb=Plur|Deg=Pos
dehonorant,dehonor,VER,Numb=Plur|Mood=Ind|Tense=Pres|Voice=Act|Person=3
.,vnvs,ADJcar,Case=Acc|Numb=Plur
sonat,sono,VER,Numb=Sing|Mood=Ind|Tense=Pres|Voice=Act|Person=3
publice,pvblice,ADV,Deg=Pos
aleae,alea,NOM1,Case=Nom|Numb=Plur
strepitus,strepitvs,NOM4,Case=Acc|Numb=Plur
festinant,festino,VER,Numb=Plur|Mood=Ind|Tense=Pres|Voice=Act|Person=3
ad,ad,PRE,MORPH=empty
necem,nex,NOM3,Case=Acc|Numb=Sing
hereditatis,hereditas,NOM3,Case=Gen|Numb=Sing
suae,svvs,PROpos.ref,Case=Gen|Numb=Sing
manus,manvs,NOM4,Case=Acc|Numb=Plur
nec,nec,CONcoo,MORPH=empty
intellegit,intelligo,VER,Numb=Sing|Mood=Ind|Tense=Pres|Voice=Act|Person=3
miser,miser,ADJqua,Case=Nom|Numb=Sing|Deg=Pos
quod,qvi,PROrel,Case=Nom|Numb=Sing
sibi,svi,PROref,Case=Dat|Numb=Sing
noceat,noceo,VER,Numb=Sing|Mood=Sub|Tense=Pres|Voice=Act|Person=3
quando,qvando,CONsub,MORPH=empty
se,svi,PROref,Case=Acc|Numb=Sing
aleae,alea,NOM1,Case=Dat|Numb=Sing
auctorat,avctoro,VER,Numb=Sing|Mood=Ind|Tense=Pres|Voice=Act|Person=3
.,qvintvs,ADJcar,Case=Acc|Numb=Plur
et,et,CONcoo,MORPH=empty
qui,qvi,PROrel,Case=Nom|Numb=Sing
iam,iam,ADV,Deg=Pos
saepius,saepe,ADV,Deg=Comp
uincitur,vinco,VER,Numb=Sing|Mood=Ind|Tense=Pres|Voice=Pass|Person=3
rursus,rvrsvs,ADV,Deg=Pos
ad,ad,PRE,MORPH=empty
nocentiorem,nocens,ADJqua,Case=Acc|Numb=Sing|Deg=Comp
studium,stvdivm,NOM2,Case=Acc|Numb=Sing
diabolo,diabolvm,NOM2,Case=Abl|Numb=Sing
suadente,svadeo,VER,Case=Abl|Numb=Sing|Mood=Par|Tense=Pres|Voice=Act
animatur,animo,VER,Numb=Sing|Mood=Ind|Tense=Pres|Voice=Pass|Person=3
.,qvadrantal,ADJcar,Case=Acc|Numb=Plur
o,o,INJ,MORPH=empty
ars,ars,NOM3,Case=Nom|Numb=Sing
infesta,infestvs,ADJqua,Case=Nom|Numb=Sing|Deg=Pos
studentibus,stvdeo,VER,Case=Dat|Numb=Plur|Mood=Par|Tense=Pres|Voice=Act
et,et,CONcoo,MORPH=empty
studium,stvdivm,NOM2,Case=Acc|Numb=Sing
libidinosum,libidinosvs,ADJqua,Case=Acc|Numb=Sing|Deg=Pos
qui,qvi,PROrel,Case=Nom|Numb=Sing
non,non,ADVneg,MORPH=empty
diuitias,divitiae,NOM1,Case=Acc|Numb=Plur
sed,sed,CONcoo,MORPH=empty
nuditatem,nvditas,NOM3,Case=Acc|Numb=Sing
et,et,CONcoo,MORPH=empty
inopiam,inopia,NOM1,Case=Acc|Numb=Sing
praestat,praesto,VER,Numb=Sing|Mood=Ind|Tense=Pres|Voice=Act|Person=3
.,pes,ADJcar,Case=Acc|Numb=Plur
manus,manvs,NOM4,Case=Nom|Numb=Sing
carnifex,carnifex,NOM3,Case=Nom|Numb=Sing
manus,manvs,NOM4,Case=Nom|Numb=Plur
noxia,noxivs,ADJqua,Case=Nom|Numb=Sing|Deg=Pos
qui,qvi,PROrel,Case=Nom|Numb=Sing
nec,nec,CONcoo,MORPH=empty
post,post,PRE,Deg=Pos
lucra,lvcrvm,NOM2,Case=Acc|Numb=Plur
desinit,desino,VER,Numb=Sing|Mood=Ind|Tense=Pres|Voice=Act|Person=3
sed,sed,CONcoo,MORPH=empty
adhuc,adhvc,ADV,Deg=Pos
post,post,PRE,MORPH=empty
damna,damnvm,NOM2,Case=Acc|Numb=Plur
ludit,lvdo,VER,Numb=Sing|Mood=Ind|Tense=Pres|Voice=Act|Person=3
.,qvadrantal,ADJcar,Case=Acc|Numb=Plur
Christianus,christianvs,NOM2,Case=Nom|Numb=Sing
qui,qvi,PROrel,Case=Nom|Numb=Sing
alea,alea,NOM1,Case=Abl|Numb=Sing
ludet,lvdo,VER,Numb=Sing|Mood=Ind|Tense=Pres|Voice=Act|Person=3
ad,ad,PRE,MORPH=empty
sacrificium,sacrificivm,NOM2,Case=Acc|Numb=Sing
diaboli,diabolvm,NOM2,Case=Gen|Numb=Sing
inmolantibus,immolo,VER,Case=Dat|Numb=Plur|Mood=Par|Tense=Pres|Voice=Act
penes,penes,PRE,MORPH=empty
auctorem,avctor,NOM3,Case=Acc|Numb=Sing
manus,manvs,NOM4,Case=Acc|Numb=Plur
polluit,pollvo,VER,Numb=Sing|Mood=Ind|Tense=Perf|Voice=Act|Person=3
.,vnvs,ADJcar,Case=Acc|Numb=Plur
et,et,CONcoo,MORPH=empty
idcirco,idcirco,ADV,Deg=Pos
Dominus,dominvs,NOM2,Case=Nom|Numb=Sing
ad,ad,PRE,MORPH=empty
hoc,hic,PROdem,Case=Acc|Numb=Sing
indignari,indignor,VER,Mood=Inf|Tense=Pres|Voice=Dep
se,svi,PROref,Case=Acc|Numb=Sing
dicit,dico,VER,Numb=Sing|Mood=Ind|Tense=Pres|Voice=Act|Person=3
nolite,nolo,VER,Numb=Plur|Mood=Imp|Tense=Pres|Voice=Act|Person=2
inquit,inqvio,VER,Numb=Sing|Mood=Ind|Tense=Pres|Voice=Act|Person=3
extendere,extendo,VER,Mood=Inf|Tense=Pres|Voice=Act
manus,manvs,NOM4,Case=Acc|Numb=Plur
uestras,vester,PROpos,Case=Acc|Numb=Plur
iniuste,inivste,ADV,Deg=Pos
ne,ne,CONsub,MORPH=empty
exacerbetis,exacerbo,VER,Numb=Plur|Mood=Sub|Tense=Pres|Voice=Act|Person=2
me,ego,PROper,Case=Acc|Numb=Sing
et,et,CONcoo,MORPH=empty
non,non,ADVneg,MORPH=empty
sinam,sino,VER,Numb=Sing|Mood=Ind|Tense=Fut|Voice=Act|Person=1
uos,vos,PROper,Case=Acc|Numb=Plur
diu,div,ADV,Deg=Pos
permanere,permaneo,VER,Mood=Inf|Tense=Pres|Voice=Act
super,svper,PRE,MORPH=empty
terram,terra,NOM1,Case=Acc|Numb=Sing
et,et,CONcoo,MORPH=empty
iterum,itervm,ADV,Deg=Pos
abstinete,abstineo,VER,Numb=Plur|Mood=Imp|Tense=Pres|Voice=Act|Person=2
manus,manvs,NOM4,Case=Acc|Numb=Plur
uestras,vester,PROpos,Case=Acc|Numb=Plur
ab,ab,PRE,MORPH=empty
iniusto,inivstvs,ADJqua,Case=Abl|Numb=Sing|Deg=Pos
et,et,CONcoo,MORPH=empty
ne,ne,CONsub,MORPH=empty
feceritis,facio,VER,Numb=Plur|Mood=Sub|Tense=Perf|Voice=Act|Person=2
quicquam,qvisqvam,PROind,Case=Acc|Numb=Sing
mali,malvm,NOM2,Case=Gen|Numb=Sing
.,vnvs,ADJcar,Case=Gen|Numb=Plur
et,et,CONcoo,MORPH=empty
apostolus,apostolvs,ADJqua,Case=Nom|Numb=Sing|Deg=Pos
beatissimus,beatvs,ADJqua,Case=Nom|Numb=Sing|Deg=Sup
Paulus,pavlvs,NOM2,Case=Nom|Numb=Sing
similiter,similiter,ADV,Deg=Pos
dicit,dico,VER,Numb=Sing|Mood=Ind|Tense=Pres|Voice=Act|Person=3
uidete,video,VER,Numb=Plur|Mood=Imp|Tense=Pres|Voice=Act|Person=2
fratres,frater,NOM3,Case=Acc|Numb=Plur
ne,ne,CONsub,MORPH=empty
configuremini,configvro,VER,Numb=Plur|Mood=Sub|Tense=Pres|Voice=Pass|Person=2
huic,hic,PROdem,Case=Dat|Numb=Sing
saeculo,saecvlvm,NOM2,Case=Abl|Numb=Sing
et,et,CONcoo,MORPH=empty
pompis,pompa,NOM2,Case=Abl|Numb=Plur
et,et,CONcoo,MORPH=empty
de.liciis,dealicivm,NOM2,Case=Abl|Numb=Plur
et,et,CONcoo,MORPH=empty
uoluptatibus,volvptas,NOM3,Case=Dat|Numb=Plur
eius,is,PROdem,Case=Gen|Numb=Sing
sed,sed,CONcoo,MORPH=empty
continete,contineo,VER,Numb=Plur|Mood=Imp|Tense=Pres|Voice=Act|Person=2
uos,vos,PROper,Case=Acc|Numb=Plur
ab,ab,PRE,MORPH=empty
omni,omnis,PROind,Case=Abl|Numb=Sing
iniustitia,inivstitia,NOM1,Case=Abl|Numb=Sing
saeculi,saecvlvm,NOM2,Case=Gen|Numb=Sing
.,vnvs,ADJcar,Case=Gen|Numb=Plur
iNam,inam,ADV,Case=Acc|Deg=Pos
quod,qvod,PROrel,MORPH=empty
delicti,delictvm,NOM2,Case=Gen|Numb=Sing
in,in,PRE,MORPH=empty
Deum,devs,NOM2,Case=Acc|Numb=Sing
nulla,nvllvs,PROind,Case=Nom|Numb=Sing
fit,fio,VER,Numb=Sing|Mood=Ind|Tense=Pres|Voice=Act|Person=3
excusatio,excvsatio,NOM3,Case=Nom|Numb=Sing
nec,nec,CONcoo,MORPH=empty
indulgentia,indvlgentia,NOM1,Case=Nom|Numb=Sing
ulla,vllvs,PROind,Case=Nom|Numb=Sing
et,et,CONcoo,MORPH=empty
nemini,nemo,PROind,Case=Dat|Numb=Sing
uenia,venia,NOM1,Case=Nom|Numb=Sing
datur,do,VER,Numb=Sing|Mood=Ind|Tense=Pres|Voice=Pass|Person=3
in,in,PRE,MORPH=empty
euangelio,evangelivm,NOM2,Case=Abl|Numb=Sing
Dominus,dominvs,NOM2,Case=Nom|Numb=Sing
dicit,dico,VER,Numb=Sing|Mood=Ind|Tense=Pres|Voice=Act|Person=3
si,si,CONsub,MORPH=empty
qui,qvis,PROind,Case=Nom|Numb=Sing
inquit,inqvio,VER,Numb=Sing|Mood=Ind|Tense=Pres|Voice=Act|Person=3
dixerit,dico,VER,Numb=Sing|Mood=Sub|Tense=Fut|Voice=Act|Person=3
blasphemiam,blasphemia,NOM1,Case=Acc|Numb=Sing|Deg=Pos
in,in,PRE,MORPH=empty
filium,filivs,NOM2,Case=Acc|Numb=Sing
hominis,homo,NOM3,Case=Gen|Numb=Sing
dimittetur,dimitto,VER,Numb=Sing|Mood=Ind|Tense=Fut|Voice=Pass|Person=3
ei,is,PROdem,Case=Dat|Numb=Sing
qui,qvi,PROrel,Case=Nom|Numb=Sing
autem,avtem,CONcoo,MORPH=empty
peccauerit,pecco,VER,Numb=Sing|Mood=Ind|Tense=Fut|Voice=Act|Person=3
in,in,PRE,MORPH=empty
spiritum,spiritvs,NOM4,Case=Acc|Numb=Sing
sanctum,sancio,ADJqua,Case=Acc|Numb=Sing|Deg=Pos
non,non,ADVneg,MORPH=empty
dimittetur,dimitto,VER,Numb=Sing|Mood=Ind|Tense=Fut|Voice=Pass|Person=3
illi,ille,PROdem,Case=Dat|Numb=Sing
nec,nec,CONcoo,MORPH=empty
hic,hic,PROdem,Numb=Sing
nec,nec,CONcoo,MORPH=empty
in,in,PRE,MORPH=empty
futuro,fvtvrvm,NOM2,Case=Abl|Numb=Sing
saeculo,saecvlvm,NOM2,Case=Abl|Numb=Sing
.,vnvs,ADJcar,Case=Ind|Numb=Plur
et,et,CONcoo,MORPH=empty
iterum,itervm,ADV,Deg=Pos
per,per,PRE,MORPH=empty
prophetam,propheta,NOM1,Case=Acc|Numb=Sing
si,si,CONsub,MORPH=empty
delinquendo,delinqvo,VER,Case=Abl|Numb=Sing|Mood=Ger|Voice=Act
peccauerit,pecco,VER,Numb=Sing|Mood=Ind|Tense=Fut|Voice=Act|Person=3
uir,vir,NOM2,Case=Nom|Numb=Sing
aduersus,adversvs,PRE,MORPH=empty
uirum,vir,NOM2,Case=Acc|Numb=Sing
orabitur,oro,VER,Numb=Sing|Mood=Ind|Tense=Fut|Voice=Dep|Person=3
pro,pro,PRE,MORPH=empty
eo,is,PROdem,Case=Abl|Numb=Sing
ad,ad,PRE,MORPH=empty
Dominum,dominvs,NOM2,Case=Acc|Numb=Sing
si,si,CONsub,MORPH=empty
autem,avtem,CONcoo,MORPH=empty
in,in,PRE,MORPH=empty
Deum,devs,NOM2,Case=Acc|Numb=Sing
peccauerit,pecco,VER,Numb=Sing|Mood=Ind|Tense=Fut|Voice=Act|Person=3
quis,qvis,PROint,Case=Nom|Numb=Sing
orabit,oro,VER,Numb=Sing|Mood=Ind|Tense=Fut|Voice=Act|Person=3
pro,pro,PRE,MORPH=empty
eo,is,PROdem,Case=Abl|Numb=Sing
et,et,CONcoo,MORPH=empty
beatus,beatvs,ADJqua,Case=Nom|Numb=Sing|Deg=Pos
apostolus,apostolvs,ADJqua,Case=Nom|Numb=Sing
procurator,procvrator,NOM3,Case=Nom|Numb=Sing
et,et,CONcoo,MORPH=empty
uicarius,vicarivs,NOM2,Case=Nom|Numb=Sing
Christi,christvs,NOM2,Case=Gen|Numb=Sing
ecclesiasticam,ecclesiasticvs,ADJqua,Case=Acc|Numb=Sing|Deg=Pos
curam,cvra,NOM1,Case=Acc|Numb=Sing
agens,ago,VER,Case=Nom|Numb=Sing|Mood=Par|Tense=Pres|Voice=Act
ponit,pono,VER,Numb=Sing|Mood=Ind|Tense=Pres|Voice=Act|Person=3
et,et,CONcoo,MORPH=empty
dicit,dico,VER,Numb=Sing|Mood=Ind|Tense=Pres|Voice=Act|Person=3
uos,vos,PROper,Case=Nom|Numb=Plur
estis,svm,VER,Numb=Plur|Mood=Ind|Tense=Pres|Voice=Act|Person=2
templum,templvm,NOM2,Case=Acc|Numb=Sing
Dei,devs,NOM2,Case=Gen|Numb=Sing
et,et,CONcoo,MORPH=empty
in,in,PRE,MORPH=empty
uobis,vos,PROper,Case=Abl|Numb=Plur
Christus,christvs,NOM2,Case=Nom|Numb=Sing
habitat,habito,VER,Numb=Sing|Mood=Ind|Tense=Pres|Voice=Act|Person=3
si,si,CONsub,MORPH=empty
quis,qvis,PROind,Case=Nom|Numb=Sing
templum,templvm,NOM2,Case=Acc|Numb=Sing
Dei,devs,NOM2,Case=Gen|Numb=Sing
uiolauerit,violo,VER,Numb=Sing|Mood=Sub|Tense=Fut|Voice=Act|Person=3
perdit,perdo,VER,Numb=Sing|Mood=Ind|Tense=Pres|Voice=Act|Person=3
illum,ille,PROdem,Case=Acc|Numb=Sing
Deus,devs,NOM2,Case=Nom|Numb=Sing
.,vnvs,ADJcar,Case=Acc|Numb=Plur
et,et,CONcoo,MORPH=empty
Dominus,dominvs,NOM2,Case=Nom|Numb=Sing
iterum,itervm,ADV,Deg=Pos
in,in,PRE,MORPH=empty
euangelio,evangelivm,NOM2,Case=Abl|Numb=Sing
negat,nego,VER,Numb=Sing|Mood=Ind|Tense=Pres|Voice=Act|Person=3
peccatores,peccator,NOM3,Case=Acc|Numb=Plur
et,et,CONcoo,MORPH=empty
exprobrat,exprobro,VER,Numb=Sing|Mood=Ind|Tense=Pres|Voice=Act|Person=3
dicens,dico,VER,Case=Nom|Numb=Sing|Mood=Par|Tense=Pres|Voice=Act
recedite,recedo,VER,Numb=Plur|Mood=Imp|Tense=Pres|Voice=Act|Person=2
a,ab,PRE,MORPH=empty
me,ego,PROper,Case=Abl|Numb=Sing
omnes,omnis,PROind,Case=Acc|Numb=Plur
qui,qvi,PROrel,Case=Nom|Numb=Plur
operamini,operor,VER,Numb=Plur|Mood=Ind|Tense=Pres|Voice=Pass
iniustitiam,inivstitia,NOM1,Case=Acc|Numb=Sing
nescio,nescio,VER,Numb=Sing|Mood=Ind|Tense=Pres|Voice=Act|Person=1
uos,vos,PROper,Case=Acc|Numb=Plur
.,vnvs,ADJcar,Case=Acc|Numb=Plur
et,et,CONcoo,MORPH=empty
Iohannes,iohannes,NOM7,Case=Nom|Numb=Sing
apostolus,apostolvs,ADJqua,Case=Nom|Numb=Sing|Deg=Pos
dicit,dico,VER,Numb=Sing|Mood=Ind|Tense=Pres|Voice=Act|Person=3
omnis,omnis,PROind,Case=Acc|Numb=Plur
qui,qvi,PROrel,Case=Nom|Numb=Sing
peccat,pecco,VER,Numb=Sing|Mood=Ind|Tense=Pres|Voice=Act|Person=3
non,non,ADVneg,MORPH=empty
est,svm,VER,Numb=Sing|Mood=Ind|Tense=Pres|Voice=Act|Person=3
de,de,PRE,MORPH=empty
Deo,devs,NOM2,Case=Abl|Numb=Sing
sed,sed,CONcoo,MORPH=empty
de,de,PRE,MORPH=empty
diabolo,diabolvm,NOM2,Case=Abl|Numb=Sing
est,svm,VER,Numb=Sing|Mood=Ind|Tense=Pres|Voice=Act|Person=3
et,et,CONcoo,MORPH=empty
scitis,scio,VER,Numb=Plur|Mood=Ind|Tense=Pres|Voice=Act|Person=2
quoniam,qvoniam,CONsub,MORPH=empty
ideo,ideo,ADV,Deg=Pos
uenturus,venio,VER,Case=Nom|Numb=Sing|Mood=Par|Tense=Fut|Voice=Act
est,svm,VER,Numb=Sing|Mood=Ind|Tense=Pres|Voice=Act|Person=3
filius,filivs,NOM2,Case=Nom|Numb=Sing
Dei,dei,NOM2,Case=Gen|Numb=Sing
ut,vt,CONsub,MORPH=empty
perdat,perdo,VER,Numb=Sing|Mood=Sub|Tense=Pres|Voice=Act|Person=3
filios,filivs,NOM2,Case=Acc|Numb=Plur
diaboli,diabolvm,NOM2,Case=Gen|Numb=Sing
.,vnvs,ADJcar,Case=Gen|Numb=Plur
quis,qvis,PROint,Case=Nom|Numb=Sing
Christianus,christianvs,NOM2,Case=Nom|Numb=Sing
aleator,aleator,NOM3,Case=Nom|Numb=Sing
es,svm,VER,Numb=Sing|Mood=Ind|Tense=Pres|Voice=Act|Person=2
tuus,tvvs,PROpos,Case=Nom|Numb=Sing
et,et,CONcoo,MORPH=empty
hereditatis,hereditas,NOM3,Case=Gen|Numb=Sing
tuae,tvvs,PROpos,Case=Gen|Numb=Sing
inimicus,inimicvs,NOM2,Case=Nom|Numb=Sing|Deg=Pos
es,svm,VER,Numb=Sing|Mood=Ind|Tense=Pres|Voice=Act|Person=2
.,vnvs,ADJcar,Case=Acc|Numb=Sing
quicumque,qvicvmqve,PROrel,Case=Nom|Numb=Sing
es,svm,VER,Numb=Sing|Mood=Ind|Tense=Pres|Voice=Act|Person=2
desine,desino,VER,Numb=Sing|Mood=Imp|Tense=Pres|Voice=Act|Person=2
ab,ab,PRE,MORPH=empty
illa,ille,PROdem,Case=Abl|Numb=Sing
dementia,dementia,NOM1,Case=Abl|Numb=Sing
tua,tvvs,PROpos,Case=Abl|Numb=Sing
miser,miser,ADJqua,Case=Nom|Numb=Sing|Deg=Pos
.,qvintvs,ADJcar,Case=Voc|Numb=Sing
quid,qvis,PROint,Case=Acc|Numb=Sing
te,tv,PROper,Case=Acc|Numb=Sing
in,in,PRE,MORPH=empty
laqueum,laqvevs,NOM2,Case=Acc|Numb=Sing
mortis,mors,NOM3,Case=Gen|Numb=Sing
cum,cvm,PRE,MORPH=empty
diabolo,diabolvm,NOM2,Case=Abl|Numb=Sing
ultro,vltro,ADV,Deg=Pos
praecipitas,praecipito,VER,Numb=Sing|Mood=Ind|Tense=Pres|Voice=Act|Person=2
quid,qvis,PROint,Case=Acc|Numb=Sing
opes,ops,NOM3,Case=Acc|Numb=Plur
et,et,CONcoo,MORPH=empty
diuitias,divitiae,NOM1,Case=Acc|Numb=Plur
tuas,tvvs,PROpos,Case=Acc|Numb=Plur
sordidissimis,sordidvs,ADJqua,Case=Dat|Numb=Plur|Deg=Sup
aeris,aes,NOM3,Case=Gen|Numb=Sing
amittis,amitto,VER,Numb=Sing|Mood=Ind|Tense=Pres|Voice=Act|Person=2
quid,qvis,PROint,Case=Acc|Numb=Sing
te,tv,PROper,Case=Acc|Numb=Sing
laqueis,laqvevs,NOM2,Case=Abl|Numb=Plur
saecularibus,saecvlaria,NOM3,Case=Abl|Numb=Plur|Deg=Pos
inuoluis,involvo,VER,Numb=Sing|Mood=Ind|Tense=Pres|Voice=Act|Person=2
ut,vt,CONsub,MORPH=empty
cum,cvm,PRE,MORPH=empty
saeculo,saecvlvm,NOM2,Case=Abl|Numb=Sing
iudiceris,ivdico,VER,Numb=Sing|Mood=Sub|Tense=Pres|Voice=Act|Person=2
quid,qvis,PROint,Case=Acc|Numb=Sing
inimicum,inimicvs,NOM2,Case=Acc|Numb=Sing
tuum,tvvs,PROpos,Case=Acc|Numb=Sing
fauoribus,favor,NOM3,Case=Abl|Numb=Plur
laudando,lavdo,VER,Case=Abl|Numb=Sing|Mood=Ger|Voice=Act
delinquis,delinqvo,VER,Numb=Sing|Mood=Ind|Tense=Pres|Voice=Act|Person=2
cum,cvm,PRE,MORPH=empty
quo,qvi,PROrel,Case=Abl|Numb=Sing
necesse,necesse,ADJqua,Case=Ind|Deg=Pos
est,svm,VER,Numb=Sing|Mood=Ind|Tense=Pres|Voice=Act|Person=3
ut,vt,CONsub,MORPH=empty
puniaris,pvnio,VER,Numb=Sing|Mood=Sub|Tense=Pres|Voice=Pass|Person=2
,,PRE,MORPH=empty
.,vnvs,ADJcar,Case=Acc|Numb=Plur
Esto,esto,NOM2,Case=Dat|Numb=Sing
potius,potivs,ADV,Deg=Comp
non,non,ADVneg,MORPH=empty
aleator,aleator,NOM3,Case=Nom|Numb=Sing
sed,sed,CONcoo,MORPH=empty
christianus,christianvs,ADJqua,Case=Nom|Numb=Sing|Deg=Pos
pecuniam,pecvnia,NOM1,Case=Acc|Numb=Sing
tuam,tvvs,PROpos,Case=Acc|Numb=Sing
adsidente,assideo,VER,Case=Abl|Numb=Sing|Mood=Par|Tense=Pres|Voice=Act
Christo,christvs,NOM2,Case=Abl|Numb=Sing
spectantibus,specto,VER,Case=Abl|Numb=Plur|Mood=Par|Tense=Pres|Voice=Act
angelis,angelvs,NOM1,Case=Abl|Numb=Plur
et,et,CONcoo,MORPH=empty
martyribus,martyr,NOM3,Case=Abl|Numb=Plur
praesentibus,praesens,VER,Case=Abl|Numb=Plur|Deg=Pos
super,svper,PRE,MORPH=empty
mensam,mensa,NOM1,Case=Acc|Numb=Sing
dominicam,dominicvs,ADJqua,Case=Acc|Numb=Sing|Deg=Pos
sparge,spargo,VER,Numb=Sing|Mood=Imp|Tense=Pres|Voice=Act|Person=2
patrimonium,patrimonivm,NOM2,Case=Acc|Numb=Sing
tuum,tvvs,PROpos,Case=Acc|Numb=Sing
quod,qvi,PROrel,Case=Acc|Numb=Sing
forsitan,forsitan,ADV,Deg=Pos
saeuo,saevvs,ADJqua,Case=Abl|Numb=Sing|Deg=Pos
studio,stvdivm,NOM2,Case=Abl|Numb=Sing
perditurus,perdo,VER,Case=Nom|Numb=Sing|Mood=Par|Tense=Fut|Voice=Act
eras,svm,VER,Numb=Sing|Mood=Ind|Tense=Impa|Voice=Act|Person=2
pauperibus,pavper,ADJqua,Case=Abl|Numb=Plur|Deg=Pos
diuide,divido,VER,Numb=Sing|Mood=Imp|Tense=Pres|Voice=Act|Person=2
diuitias,divitiae,NOM1,Case=Acc|Numb=Plur
tuas,tvvs,PROpos,Case=Acc|Numb=Plur
Christo,christvs,NOM3,Case=Dat|Numb=Sing
uincenti,vinco,VER,Case=Dat|Numb=Sing|Mood=Par|Tense=Pres|Voice=Act
committe,committo,VER,Numb=Sing|Mood=Imp|Tense=Pres|Voice=Act|Person=2
seruus,servvs,NOM2,Case=Nom|Numb=Sing
cum,cvm,PRE,MORPH=empty
Domino,dominvs,NOM2,Case=Abl|Numb=Sing
tuo,tvvs,PROpos,Case=Abl|Numb=Sing
auocare,avoco,VER,Mood=Inf|Tense=Pres|Voice=Act
studio,stvdivm,NOM2,Case=Abl|Numb=Sing
deiflco,deiflco,VER,Numb=Sing|Mood=Ind|Tense=Pres|Voice=Act|Person=1
obsequere,obseqvor,VER,Numb=Sing|Mood=Imp|Tense=Pres|Voice=Dep|Person=2
artem,ars,NOM3,Case=Acc|Numb=Sing
Domini,dominvs,NOM2,Case=Gen|Numb=Sing
imitare,imitor,VER,Numb=Sing|Mood=Imp|Tense=Pres|Voice=Dep|Person=2
quae,qvi,PROrel,Case=Nom|Numb=Plur
non,non,ADVneg,MORPH=empty
perdet,perdo,VER,Numb=Sing|Mood=Ind|Tense=Fut|Voice=Act|Person=3
sed,sed,CONcoo,MORPH=empty
potius,potivs,ADV,Deg=Comp
acquiret,acqviro,VER,Numb=Sing|Mood=Ind|Tense=Fut|Voice=Act|Person=3
.,vnvs,ADJcar,Case=Acc|Numb=Plur
desine,desino,VER,Numb=Sing|Mood=Imp|Tense=Pres|Voice=Act|Person=2
ab,ab,PRE,MORPH=empty
illos,ille,PROdem,Case=Acc|Numb=Plur
tuos,tvvs,PROpos,Case=Acc|Numb=Plur
furacissimos,fvrax,ADJqua,Case=Acc|Numb=Plur|Deg=Sup
mores,mos,NOM3,Case=Acc|Numb=Plur
cohibe,cohibeo,VER,Numb=Sing|Mood=Imp|Tense=Pres|Voice=Act|Person=2
praecipitem,praeceps,ADJqua,Case=Acc|Numb=Sing|Deg=Pos
nequitiam,neqvitia,NOM1,Case=Acc|Numb=Sing
tuam,tvvs,PROpos,Case=Acc|Numb=Sing
sit,svm,VER,Numb=Sing|Mood=Sub|Tense=Pres|Voice=Act|Person=3
tibi,tv,PROper,Case=Dat|Numb=Sing
cum,cvm,PRE,MORPH=empty
pauperibus,pavper,ADJqua,Case=Abl|Numb=Plur|Deg=Pos
cotidianus,cotidianvs,ADJqua,Case=Nom|Numb=Sing|Deg=Pos
lusus,lvsvs,NOM4,Case=Nom|Numb=Sing
sit,svm,VER,Numb=Sing|Mood=Sub|Tense=Pres|Voice=Act|Person=3
tibi,tv,PROper,Case=Dat|Numb=Sing
cum,cvm,PRE,MORPH=empty
uiduis,vidvvs,ADJqua,Case=Abl|Numb=Plur|Deg=Pos
frequens,freqvens,ADJqua,Case=Nom|Numb=Sing|Deg=Pos
operatio,operatio,NOM3,Case=Nom|Numb=Sing
censum,censvs,NOM4,Case=Acc|Numb=Sing
et,et,CONcoo,MORPH=empty
adparatus,apparatvs,ADJqua,Case=Nom|Numb=Sing|Deg=Pos
tuos,tvvs,PROpos,Case=Acc|Numb=Plur
omnes,omnis,PROind,Case=Acc|Numb=Plur
ad,ad,PRE,MORPH=empty
studium,stvdivm,NOM2,Case=Acc|Numb=Sing
ecclesiae,ecclesiae,NOM1,Case=Gen|Numb=Plur
distrahe,distraho,VER,Numb=Sing|Mood=Imp|Tense=Pres|Voice=Act|Person=2
aurum,avrvm,NOM2,Case=Acc|Numb=Sing
tuum,tvvs,PROpos,Case=Acc|Numb=Sing
et,et,CONcoo,MORPH=empty
argentum,argentvm,NOM2,Case=Acc|Numb=Sing
et,et,CONcoo,MORPH=empty
pecunias,pecvnia,NOM1,Case=Acc|Numb=Plur
tuas,tvvs,PROpos,Case=Acc|Numb=Plur
in,in,PRE,MORPH=empty
thesauris,thesavrvs,NOM1,Case=Abl|Numb=Plur
caelestibus,caelestia,ADJqua,Case=Abl|Numb=Plur|Deg=Pos
repone,repono,VER,Numb=Sing|Mood=Imp|Tense=Pres|Voice=Act|Person=2
fundos,fvndvs,NOM2,Case=Acc|Numb=Plur
et,et,CONcoo,MORPH=empty
uillas,villa,NOM1,Case=Acc|Numb=Plur
tuas,tvvs,PROpos,Case=Acc|Numb=Plur
iusta,ivstvs,ADJqua,Case=Abl|Numb=Sing|Deg=Pos
operatione,operatio,NOM3,Case=Abl|Numb=Sing
ad,ad,PRE,MORPH=empty
paradisum,paradisvs,NOM2,Case=Acc|Numb=Sing
remoue,removeo,VER,Numb=Sing|Mood=Imp|Tense=Pres|Voice=Act|Person=2
ut,vt,CONsub,MORPH=empty
peccata,peccatvm,NOM2,Case=Nom|Numb=Plur
tua,tvvs,PROpos,Case=Nom|Numb=Plur
donentur,dono,VER,Numb=Plur|Mood=Sub|Tense=Pres|Voice=Pass|Person=3
tibi,tv,PROper,Case=Dat|Numb=Sing
eleemosynis,eleemosynvs,ADJqua,Case=Dat|Numb=Plur|Deg=Pos
et,et,CONcoo,MORPH=empty
operationibus,operatio,NOM3,Case=Abl|Numb=Plur
continuis,continvvs,ADJqua,Case=Abl|Numb=Plur|Deg=Pos
incumbe,incvmbo,VER,Numb=Sing|Mood=Imp|Tense=Pres|Voice=Act|Person=2
.,qvintvs,ADJcar,Case=Acc|Numb=Plur
alea,alea,NOM1,Case=Abl|Numb=Sing
ne,ne,CONsub,MORPH=empty
luseris,lvdo,VER,Numb=Sing|Mood=Sub|Tense=Fut|Voice=Act|Person=2
ubi,vbi,CONsub,MORPH=empty
lusos,lvdo,VER,Case=Acc|Numb=Plur|Mood=Par|Tense=Perf|Voice=Pass
nociuus,nocivvs,ADJqua,Case=Nom|Numb=Sing|Deg=Pos
est,svm,VER,Numb=Sing|Mood=Ind|Tense=Pres|Voice=Act|Person=3
et,et,CONcoo,MORPH=empty
crimen,crimen,NOM3,Case=Nom|Numb=Sing
mortale,mortalis,ADJqua,Case=Nom|Numb=Sing|Deg=Pos
ubi,vbi,ADVrel,MORPH=empty
dementia,dementia,NOM1,Case=Nom|Numb=Sing
sine,sine,PRE,MORPH=empty
consideratione,consideratio,NOM3,Case=Abl|Numb=Sing
ubi,vbi,ADVrel,MORPH=empty
nulla,nvllvs,PROind,Case=Nom|Numb=Sing
ueritas,veritas,NOM3,Case=Nom|Numb=Sing
sed,sed,CONcoo,MORPH=empty
mendaciorum,mendacivm,NOM2,Case=Gen|Numb=Plur
mandra,mandra,NOM1,Case=Nom|Numb=Sing
.,qvinqvaginta,ADJcar,Case=Gen|Numb=Plur
abscide,abscido,VER,Numb=Sing|Mood=Imp|Tense=Pres|Voice=Act|Person=2
inde,inde,ADV,Deg=Pos
manum,manvs,NOM4,Case=Acc|Numb=Sing
tuam,tvvs,PROpos,Case=Acc|Numb=Sing
et,et,CONcoo,MORPH=empty
auerte,averto,VER,Numb=Sing|Mood=Imp|Tense=Pres|Voice=Act|Person=2
inde,inde,ADV,Deg=Pos
cor,cor,NOM3,Case=Acc|Numb=Sing
tuum,tvvs,PROpos,Case=Acc|Numb=Sing
extrahe,extraho,VER,Numb=Sing|Mood=Imp|Tense=Pres|Voice=Act|Person=2
caliginem,caligo,NOM3,Case=Acc|Numb=Sing
inimici,inimicvs,NOM2,Case=Gen|Numb=Sing
ab,ab,PRE,MORPH=empty
oculis,ocvlvs,NOM2,Case=Abl|Numb=Plur
tuis,tvvs,PROpos,Case=Abl|Numb=Plur
et,et,CONcoo,MORPH=empty
purifica,pvrificvs,ADJqua,Case=Abl|Numb=Sing|Deg=Pos
manum,manvs,NOM4,Case=Acc|Numb=Sing
tuam,tvvs,PROpos,Case=Acc|Numb=Sing
a,ab,PRE,MORPH=empty
sacrificiis,sacrificivm,NOM2,Case=Abl|Numb=Plur
diaboli,diabolvm,NOM2,Case=Gen|Numb=Sing
abice,abicio,VER,Numb=Sing|Mood=Imp|Tense=Pres|Voice=Act|Person=2
abs,ab,PRE,MORPH=empty
te,tv,PROper,Case=Abl|Numb=Sing
furaces,fvrax,ADJqua,Case=Voc|Numb=Plur|Deg=Pos
mores,mos,NOM3,Case=Acc|Numb=Plur
esto,svm,VER,Numb=Sing|Mood=Imp|Tense=Fut|Voice=Act|Person=2
patiens,patiens,ADJqua,Case=Voc|Numb=Sing|Deg=Pos
et,et,CONcoo,MORPH=empty
christianus,christianvs,NOM2,Case=Nom|Numb=Sing
esto,svm,VER,Numb=Sing|Mood=Imp|Tense=Fut|Voice=Act|Person=2
tibi,tv,PROper,Case=Dat|Numb=Sing
et,et,CONcoo,MORPH=empty
uitae,vita,NOM1,Case=Dat|Numb=Sing
tuae,tvvs,PROpos,Case=Dat|Numb=Sing
in,in,PRE,MORPH=empty
operationibus,operatio,NOM3,Case=Abl|Numb=Plur
iustus,ivstvs,ADJqua,Case=Nom|Numb=Sing|Deg=Pos
et,et,CONcoo,MORPH=empty
prouidus,providvs,ADJqua,Case=Nom|Numb=Sing|Deg=Pos
fuge,fvgio,VER,Numb=Sing|Mood=Imp|Tense=Pres|Voice=Act|Person=2
diabolum,diabolvm,NOM2,Case=Acc|Numb=Sing
persequentem,perseqvor,VER,Case=Acc|Numb=Sing|Mood=Par|Tense=Pres|Voice=Dep
et,et,CONcoo,MORPH=empty
fuge,fvgio,VER,Numb=Sing|Mood=Imp|Tense=Pres|Voice=Act|Person=2
aleam,alea,NOM1,Case=Acc|Numb=Sing
inimicam,inimicvs,ADJqua,Case=Acc|Numb=Sing|Deg=Pos
operum,opvs,NOM3,Case=Gen|Numb=Plur
tuorum,tvvs,PROpos,Case=Gen|Numb=Plur
studium,stvdivm,NOM2,Case=Nom|Numb=Sing
sit,svm,VER,Numb=Sing|Mood=Sub|Tense=Pres|Voice=Act|Person=3
tibi,tv,PROper,Case=Dat|Numb=Sing
sapientiae,sapientia,NOM1,Case=Gen|Numb=Sing
euangelicis,evangelix,ADJqua,Case=Gen|Numb=Sing|Deg=Pos
monitis,monitvm,NOM2,Case=Abl|Numb=Plur
erudire,ervdio,VER,Mood=Inf|Tense=Pres|Voice=Act
puras,pvrvs,ADJqua,Case=Acc|Numb=Plur|Deg=Pos
manus,manvs,NOM4,Case=Acc|Numb=Plur
ad,ad,PRE,MORPH=empty
Christum,christvs,NOM2,Case=Acc|Numb=Sing
extendere,extendo,VER,Mood=Inf|Tense=Pres|Voice=Act
ut,vt,CONsub,MORPH=empty
promereri,promereor,VER,Mood=Inf|Tense=Pres|Voice=Pass
Dominum,dominvs,NOM2,Case=Acc|Numb=Sing
possis,possvm,VER,Numb=Sing|Mood=Sub|Tense=Pres|Voice=Act|Person=2
.,vnvs,ADJcar,Case=Acc|Numb=Plur
aleam,alea,NOM1,Case=Acc|Numb=Sing
noli,nolo,VER,Numb=Sing|Mood=Imp|Tense=Pres|Voice=Act|Person=2
respicere,respicio,VER,Mood=Inf|Tense=Pres|Voice=Act
.,vnvs,ADJcar,Case=Acc|Numb=Plur
ame,amo,VER,Numb=Sing|Mood=Imp|Tense=Pres|Voice=Act|Person=2
-ne,ne,CONsub,MORPH=empty
.,vnvs,ADJcar,Case=Acc|Numb=Plur
