form,lemma,pos,morph
Gloriosissimo,gloriosvs,ADJqua,Case=Abl|Numb=Sing|Deg=Sup
Theodosio,theodosivs,NOM2,Case=Abl|Numb=Sing
duodecies,dvodeciens,NOM6,MORPH=empty
et,et,CONcoo,MORPH=empty
Valentiniano,valentinianvs,ADJqua,Case=Abl|Numb=Sing|Deg=Pos
Augusto,avgvstvs,NOM2,Case=Dat|Numb=Sing
iterum,itervm,ADV,Deg=Pos
consule,consvl,NOM3,Case=Abl|Numb=Sing
VI,sextvs,ADJord,Case=Ind
KI,centvm,ADJcar,Case=Ind|Numb=Sing
Octb,octo,NOM2,Case=Nom|Numb=Sing
cum,cvm,CONsub,MORPH=empty
Augustinus,avgvstinvs,NOM2,Case=Nom|Numb=Sing
episcopus,episcopvs,NOM2,Case=Nom|Numb=Sing
una,vna,ADV,Deg=Pos
cum,cvm,PRE,MORPH=empty
Religiano,religianvs,NOM2,Case=Abl|Numb=Sing|Deg=Pos
et,et,CONcoo,MORPH=empty
Martiniano,martinianvs,NOM2,Case=Abl|Numb=Sing
coepiscopis,coepiscops,NOM3,Case=Abl|Numb=Plur
suis,svvs,PROpos.ref,Case=Abl|Numb=Plur
consedisset,consido,VER,Numb=Sing|Mood=Sub|Tense=Pqp|Voice=Act|Person=3
in,in,PRE,MORPH=empty
ecclesia,ecclesivs,NOM2,Case=Acc|Numb=Plur
pacis,pax,NOM3,Case=Gen|Numb=Sing
Hipponiensium,hipponienses,NOM3,Case=Gen|Numb=Plur
Regiorum,regii,NOM2,Case=Gen|Numb=Plur
praesentibus,praesens,VER,Case=Abl|Numb=Plur|Deg=Pos
Saturnino,satvrninvs,NOM2,Case=Abl|Numb=Sing
Leporio,leporivs,NOM2,Case=Dat|Numb=Sing
Barnaba,barnaba,NOM1,Case=Acc|Numb=Sing
Fortunatiano,fortvnatianvs,NOM2,Case=Abl|Numb=Sing
Rustico,rvsticvs,NOM2,Case=Abl|Numb=Sing
Lazaro,lazarvs,NOM2,Case=Dat|Numb=Sing
et,et,CONcoo,MORPH=empty
Eraclio,eraclivs,NOM2,Case=Abl|Numb=Sing
presbyteris,presbyter,NOM1,Case=Abl|Numb=Plur
adstanti,asto,VER,Case=Dat|Numb=Sing|Mood=Par|Tense=Pres|Voice=Act
clero,clervs,ADJqua,Case=Abl|Numb=Sing|Deg=Pos
et,et,CONcoo,MORPH=empty
frequenti,freqvens,ADJqua,Case=Abl|Numb=Sing|Deg=Pos
populo,popvlvs,NOM2,Case=Dat|Numb=Sing
Augustinus,avgvstinvs,NOM2,Case=Nom|Numb=Sing
episcopus,episcopvs,NOM2,Case=Nom|Numb=Sing
dixit,dico,VER,Numb=Sing|Mood=Ind|Tense=Perf|Voice=Act|Person=3
Quod,qvi,PROrel,Case=Acc|Numb=Sing
hesterno,hesternvs,ADJqua,Case=Abl|Numb=Sing|Deg=Pos
die,dies,NOM5,Case=Abl|Numb=Sing
promisi,promitto,VER,Numb=Sing|Mood=Ind|Tense=Perf|Voice=Act|Person=1
caritati,caritas,NOM3,Case=Dat|Numb=Sing
uestrae,vester,PROpos,Case=Dat|Numb=Sing
propter,propter,PRE,MORPH=empty
quod,qvi,PROrel,Case=Acc|Numb=Sing
uos,vos,PROper,Case=Acc|Numb=Plur
uolui,volo,VER,Numb=Sing|Mood=Ind|Tense=Perf|Voice=Act|Person=1
frequentius,freqventer,ADV,Deg=Comp
conuenire,convenio,VER,Mood=Inf|Tense=Pres|Voice=Act
et,et,CONcoo,MORPH=empty
uideo,video,VER,Numb=Sing|Mood=Ind|Tense=Pres|Voice=Act|Person=1
frequentius,freqventer,ADV,Deg=Comp
conuenisse,convenio,VER,Mood=Inf|Tense=Perf|Voice=Act
mora,mora,NOM1,Case=Abl|Numb=Sing
omni,omnis,PROind,Case=Abl|Numb=Sing
postposita,postpono,VER,Case=Nom|Numb=Sing|Mood=Par|Tense=Perf|Voice=Pass|Person=3
hoc,hic,PROdem,Case=Nom|Numb=Sing
agendum,ago,VER,Case=Nom|Numb=Sing|Mood=Adj|Voice=Pass
est,svm,VER,Numb=Sing|Mood=Ind|Tense=Pres|Voice=Act|Person=3
.,vnvs,ADJcar,Case=Acc|Numb=Sing
si,si,CONsub,MORPH=empty
enim,enim,CONcoo,MORPH=empty
aliud,alivs,PROind,Case=Acc|Numb=Sing
uelim,volo,VER,Numb=Sing|Mood=Sub|Tense=Pres|Voice=Act|Person=1
loqui,loqvor,VER,Mood=Inf|Tense=Pres|Voice=Dep
in,in,PRE,MORPH=empty
illud,ille,PROdem,Case=Acc|Numb=Sing
suspensi,svspensvs,ADJqua,Case=Gen|Numb=Plur
minus,parvm,ADV,Deg=Comp
auditis,avdio,VER,Numb=Plur|Mood=Par|Tense=Pres|Voice=Act|Person=2
.,vnvs,ADJcar,Case=Acc|Numb=Plur
omnes,omnis,PROind,Case=Nom|Numb=Plur
in,in,PRE,MORPH=empty
hac,hic,PROdem,Case=Abl|Numb=Sing
uita,vita,NOM1,Case=Abl|Numb=Sing
mortales,mortalis,NOM3,Case=Nom|Numb=Plur
sumus,svm,VER,Numb=Plur|Mood=Ind|Tense=Pres|Voice=Act|Person=1
et,et,CONcoo,MORPH=empty
dies,dies,NOM5,Case=Nom|Numb=Plur
huius,hic,PROdem,Case=Gen|Numb=Sing
uitae,vita,NOM1,Case=Gen|Numb=Sing
ultimus,vltimvs,ADJqua,Case=Nom|Numb=Sing|Deg=Pos
omni,omnis,PROind,Case=Dat|Numb=Sing
homini,homo,NOM3,Case=Dat|Numb=Sing
est,svm,VER,Numb=Sing|Mood=Ind|Tense=Pres|Voice=Act|Person=3
semper,semper,ADV,Deg=Pos
incertus,incertvs,ADJqua,Case=Nom|Numb=Sing|Deg=Pos
.,vnvs,ADJcar,Case=Nom|Numb=Sing
uerum,vervm,CONcoo,MORPH=empty
tamen,tamen,ADV,Deg=Pos
in,in,PRE,MORPH=empty
infantia,infantia,NOM1,Case=Abl|Numb=Sing
speratur,spero,VER,Numb=Sing|Mood=Sub|Tense=Pres|Voice=Pass|Person=3
pueritia,pveritia,NOM1,Case=Nom|Numb=Sing
et,et,CONcoo,MORPH=empty
in,in,PRE,MORPH=empty
pueritia,pveritia,NOM1,Case=Abl|Numb=Sing
speratur,spero,VER,Numb=Sing|Mood=Ind|Tense=Pres|Voice=Pass|Person=3
adulescentia,adolescentia,NOM1,Case=Nom|Numb=Sing
et,et,CONcoo,MORPH=empty
in,in,PRE,MORPH=empty
adulescentia,adolescentia,NOM1,Case=Abl|Numb=Sing
speratur,spero,VER,Numb=Sing|Mood=Ind|Tense=Pres|Voice=Pass|Person=3
iuuentus,ivventvs,NOM3,Case=Nom|Numb=Sing
et,et,CONcoo,MORPH=empty
in,in,PRE,MORPH=empty
iuuentute,ivventvs,NOM3,Case=Abl|Numb=Sing
speratur,spero,VER,Numb=Sing|Mood=Ind|Tense=Pres|Voice=Pass|Person=3
grauitas,gravitas,NOM3,Case=Nom|Numb=Sing
et,et,CONcoo,MORPH=empty
in,in,PRE,MORPH=empty
grauitate,gravitas,NOM3,Case=Abl|Numb=Sing
speratur,spero,VER,Numb=Sing|Mood=Ind|Tense=Pres|Voice=Pass|Person=3
senectus,senectvs,NOM3,Case=Nom|Numb=Sing
.,vnvs,ADJcar,Case=Gen|Numb=Sing
utrum,vtrvm,ADVint,MORPH=empty
contingat,contingo,VER,Numb=Sing|Mood=Sub|Tense=Pres|Voice=Act|Person=3
incertum,incertvs,ADJqua,Case=Nom|Numb=Sing|Deg=Pos
est,svm,VER,Numb=Sing|Mood=Ind|Tense=Pres|Voice=Act|Person=3
;,o,PRE,MORPH=empty
est,svm,VER,Numb=Sing|Mood=Ind|Tense=Pres|Voice=Act|Person=3
tamen,tamen,ADV,Deg=Pos
quod,qvi,PROrel,Case=Nom|Numb=Sing
speretur,spero,VER,Numb=Sing|Mood=Sub|Tense=Pres|Voice=Pass|Person=3
.,vnvs,ADJcar,Case=Nom|Numb=Sing
senectus,senectvs,NOM3,Case=Nom|Numb=Sing
autem,avtem,CONcoo,MORPH=empty
aliam,alivs,PROind,Case=Acc|Numb=Sing
aetatem,aetas,NOM3,Case=Acc|Numb=Sing
quam,qvi,PROrel,Case=Acc|Numb=Sing
speret,spero,VER,Numb=Sing|Mood=Sub|Tense=Pres|Voice=Act|Person=3
non,non,ADVneg,MORPH=empty
habet,habeo,VER,Numb=Sing|Mood=Ind|Tense=Pres|Voice=Act|Person=3
.,vnvs,ADJcar,Case=Acc|Numb=Sing
incertum,incertvs,ADJqua,Case=Nom|Numb=Sing|Deg=Pos
est,svm,VER,Numb=Sing|Mood=Ind|Tense=Pres|Voice=Act|Person=3
enim,enim,CONcoo,MORPH=empty
ipsa,ipse,PROdem,Case=Nom|Numb=Sing
senectus,senectvs,NOM3,Case=Nom|Numb=Sing
quam,qvam,ADVint,MORPH=empty
diu,div,ADV,Deg=Pos
sit,svm,VER,Numb=Sing|Mood=Sub|Tense=Pres|Voice=Act|Person=3
homini,homo,NOM3,Case=Dat|Numb=Sing
;,,PRE,MORPH=empty
illud,ille,PROdem,Case=Nom|Numb=Sing
tamen,tamen,ADV,Deg=Pos
certum,certvs,ADJqua,Case=Nom|Numb=Sing|Deg=Pos
est,svm,VER,Numb=Sing|Mood=Ind|Tense=Pres|Voice=Act|Person=3
nullam,nvllvs,PROind,Case=Acc|Numb=Sing
remanere,remaneo,VER,Mood=Inf|Tense=Pres|Voice=Act
aetatem,aetas,NOM3,Case=Acc|Numb=Sing
quae,qvi,PROrel,Case=Nom|Numb=Sing
possit,possvm,VER,Numb=Sing|Mood=Sub|Tense=Pres|Voice=Act|Person=3
succedere,svccedo,VER,Mood=Inf|Tense=Pres|Voice=Act
senectuti,senectvs,NOM3,Case=Dat|Numb=Sing
.,vnvs,ADJcar,Case=Gen|Numb=Plur
quia,qvia,CONsub,MORPH=empty
uoluit,volo,VER,Numb=Sing|Mood=Ind|Tense=Perf|Voice=Act|Person=3
deus,devs,NOM2,Case=Nom|Numb=Sing
ad,ad,PRE,MORPH=empty
istam,iste,PROdem,Case=Acc|Numb=Sing
ciuitatem,civitas,NOM3,Case=Acc|Numb=Sing
cum,cvm,PRE,MORPH=empty
uigore,vigor,NOM3,Case=Abl|Numb=Sing
aetatis,aetas,NOM3,Case=Gen|Numb=Sing
adueni,advenio,VER,Numb=Sing|Mood=Ind|Tense=Perf|Voice=Act|Person=1
;,o,PRE,MORPH=empty
sed,sed,CONcoo,MORPH=empty
tamen,tamen,ADV,Deg=Pos
iuuenis,ivvenis,NOM3,Case=Nom|Numb=Sing
fui,svm,VER,Numb=Sing|Mood=Ind|Tense=Perf|Voice=Act|Person=1
et,et,CONcoo,MORPH=empty
senui,senvio,ADJqua,Numb=Sing
.,qvadrantal,ADJcar,Case=Gen|Numb=Plur
scio,scio,VER,Numb=Sing|Mood=Ind|Tense=Pres|Voice=Act|Person=1
post,post,PRE,MORPH=empty
obitus,obitvs,NOM4,Case=Acc|Numb=Plur
episcoporum,episcopor,NOM3,Case=Gen|Numb=Plur
per,per,PRE,MORPH=empty
ambitiosos,ambitiosvs,ADJqua,Case=Acc|Numb=Plur|Deg=Pos
aut,avt,CONcoo,MORPH=empty
contentiosos,contentiosvs,ADJqua,Case=Acc|Numb=Plur|Deg=Pos
solere,soleo,VER,Mood=Inf|Tense=Pres|Voice=SemDep
ecclesias,ecclesia,NOM1,Case=Acc|Numb=Plur|Tense=Pres
perturbari,pertvrbo,VER,Mood=Inf|Tense=Pres|Voice=Pass
et,et,CONcoo,MORPH=empty
quod,qvi,PROrel,Numb=Sing
saepe,saepe,ADV,Deg=Pos
sum,svm,VER,Numb=Sing|Mood=Ind|Tense=Pres|Voice=Act|Person=1
expertus,experior,VER,Numb=Sing|Mood=Ind|Tense=Perf|Voice=Dep
et,et,CONcoo,MORPH=empty
dolui,doleo,VER,Numb=Sing|Mood=Ind|Tense=Perf|Voice=Act|Person=1
debeo,debeo,VER,Numb=Sing|Mood=Ind|Tense=Pres|Voice=Act|Person=1
quantum,qvantvm,PROrel,Numb=Sing
ad,ad,PRE,MORPH=empty
me,ego,PROper,Case=Acc|Numb=Sing
adtinet,attineo,VER,Numb=Sing|Mood=Ind|Tense=Pres|Voice=Act|Person=3
ne,ne,CONsub,MORPH=empty
contingat,contingo,VER,Numb=Sing|Mood=Sub|Tense=Pres|Voice=Act|Person=3
huic,hic,PROdem,Case=Dat|Numb=Sing
prospicere,prospicio,VER,Mood=Inf|Tense=Pres|Voice=Act
ciuitati,civitas,NOM3,Case=Dat|Numb=Sing
.,vnvs,ADJcar,Case=Dat|Numb=Plur
sicut,sicvt,ADVrel,MORPH=empty
nouit,nosco,VER,Numb=Sing|Mood=Ind|Tense=Perf|Voice=Act|Person=3
caritas,caritas,NOM3,Case=Nom|Numb=Sing
uestra,vester,PROpos,Case=Nom|Numb=Sing
in,in,PRE,MORPH=empty
Mileuitana,milevitanvs,ADJqua,Case=Abl|Numb=Sing
ecclesia,ecclesivs,ADJqua,Case=Acc|Numb=Plur|Deg=Pos
modo,modo,ADV,Deg=Pos
fui,svm,VER,Numb=Sing|Mood=Ind|Tense=Perf|Voice=Act|Person=1
;,o,INJ,MORPH=empty
petierunt,peto,VER,Numb=Plur|Mood=Ind|Tense=Perf|Voice=Act|Person=3
enim,enim,CONcoo,MORPH=empty
me,ego,PROper,Case=Acc|Numb=Sing
fratres,frater,NOM3,Case=Nom|Numb=Plur
et,et,CONcoo,MORPH=empty
maxime,magis,ADV,Deg=Sup
serui,servvs,NOM2,Case=Nom|Numb=Plur
dei,devs,NOM2,Case=Nom|Numb=Plur
qui,qvi,PROrel,Case=Nom|Numb=Plur
ibi,ibi,ADV,Deg=Pos
sunt,svm,VER,Numb=Plur|Mood=Ind|Tense=Pres|Voice=Act|Person=3
ut,vt,CONsub,MORPH=empty
uenirem,venio,VER,Numb=Sing|Mood=Sub|Tense=Impa|Voice=Act|Person=1
quia,qvia,CONsub,MORPH=empty
post,post,PRE,MORPH=empty
obitum,obitvs,NOM4,Case=Acc|Numb=Sing
beatae,beatvs,ADJqua,Case=Gen|Numb=Sing|Deg=Pos
memoriae,memoria,NOM1,Case=Gen|Numb=Sing
fratris,frater,NOM3,Case=Gen|Numb=Sing
coepiscopi,coepiscopvs,NOM3,Case=Dat|Numb=Sing
mei,mevs,PROpos,Case=Gen|Numb=Sing
Seueri,severi,NOM2,Case=Gen|Numb=Sing
nonnulla,nonnvllvs,PROind,Case=Nom|Numb=Sing
ibi,ibi,ADV,Deg=Pos
perturbatio,pertvrbatio,NOM3,Case=Nom|Numb=Sing
timebatur,timeo,VER,Numb=Sing|Mood=Ind|Tense=Impa|Voice=Pass|Person=3
.,qvintvs,ADJcar,Case=Acc|Numb=Plur
ueni,venio,VER,Numb=Sing|Mood=Ind|Tense=Perf|Voice=Act|Person=2
et,et,CONcoo,MORPH=empty
quo,qvi,PROrel,Case=Abl|Numb=Sing
modo,modvs,NOM2,Case=Abl|Numb=Sing|Deg=Pos
uoluit,volo,VER,Numb=Sing|Mood=Ind|Tense=Perf|Voice=Act|Person=3
deus,devs,NOM2,Case=Nom|Numb=Sing
adiuuit,adivvo,VER,Numb=Sing|Mood=Ind|Tense=Perf|Voice=Act|Person=3
nos,nos,PROper,Case=Acc|Numb=Plur
per,per,PRE,MORPH=empty
suam,svvs,PROpos.ref,Case=Acc|Numb=Sing
misericordiam,misericordia,NOM1,Case=Acc|Numb=Sing
acceperunt,accipio,VER,Numb=Plur|Mood=Ind|Tense=Perf|Voice=Act|Person=3
episcopum,episcopvs,NOM2,Case=Acc|Numb=Sing
quem,qvi,PROrel,Case=Acc|Numb=Sing
uiuus,vivvs,ADJqua,Case=Nom|Numb=Sing|Deg=Pos
designauerat,designo,VER,Numb=Sing|Mood=Ind|Tense=Pqp|Voice=Act|Person=3
episcopus,episcopvs,NOM2,Case=Nom|Numb=Sing
eorum,is,PROdem,Case=Gen|Numb=Plur
.,qvadrantal,ADJcar,Case=Gen|Numb=Plur
hoc,hic,PROdem,Case=Acc|Numb=Sing
enim,enim,CONcoo,MORPH=empty
eis,is,PROdem,Case=Dat|Numb=Plur
cum,cvm,CONsub,MORPH=empty
innotuisset,innotesco,VER,Numb=Sing|Mood=Sub|Tense=Pqp|Voice=Act|Person=3
uoluntatem,volvntas,NOM3,Case=Acc|Numb=Sing
praecedentis,praecedo,VER,Case=Gen|Numb=Sing|Mood=Par|Tense=Pres|Voice=Act
episcopi,episcopivm,NOM3,Case=Dat|Numb=Sing
sui,svvs,PROpos.ref,Case=Gen|Numb=Sing
libenter,libenter,ADV,Deg=Pos
amplexi,amplector,VER,Case=Nom|Numb=Plur|Mood=Par|Tense=Perf|Voice=Dep
sunt,svm,VER,Numb=Plur|Mood=Ind|Tense=Pres|Voice=Act|Person=3
.,pentvm,ADJcar,Case=Acc|Numb=Plur
minus,parvm,ADJqua,Case=Nom|Deg=Comp
tamen,tamen,ADV,Deg=Pos
aliquid,aliqvis,PROind,Case=Nom|Numb=Sing
factum,factvm,NOM2,Case=Nom|Numb=Sing
erat,svm,VER,Numb=Sing|Mood=Ind|Tense=Impa|Voice=Act|Person=3
unde,vnde,ADVrel,Deg=Pos
nonnulli,nonnvllvs,PROind,Case=Nom|Numb=Plur
contristabantur,contristo,VER,Numb=Plur|Mood=Ind|Tense=Impa|Voice=Pass|Person=3
quia,qvia,CONsub,MORPH=empty
frater,frater,NOM3,Case=Nom|Numb=Sing
Seuerus,severvs,NOM2,Case=Nom|Numb=Sing
credidit,credo,VER,Numb=Sing|Mood=Ind|Tense=Perf|Voice=Act|Person=3
posse,possvm,VER,Mood=Inf|Tense=Pres|Voice=Act
sufficere,svfficio,VER,Mood=Inf|Tense=Pres|Voice=Act
ut,vt,CONsub,MORPH=empty
successorem,svccessor,NOM3,Case=Acc|Numb=Sing
suum,svvs,PROpos.ref,Case=Acc|Numb=Sing
apud,apvd,PRE,MORPH=empty
clericos,clericvs,NOM2,Case=Acc|Numb=Plur
designaret,designo,VER,Numb=Sing|Mood=Sub|Tense=Impa|Voice=Act|Person=3
;,o,PRE,MORPH=empty
ad,ad,PRE,MORPH=empty
populum,popvlvs,NOM2,Case=Acc|Numb=Sing
inde,inde,ADV,Deg=Pos
non,non,ADVneg,MORPH=empty
est,svm,VER,Numb=Sing|Mood=Ind|Tense=Pres|Voice=Act|Person=3
locutus,loqvor,VER,Case=Nom|Numb=Sing|Mood=Par|Tense=Perf|Voice=Dep
.,vnvs,ADJcar,Case=Acc|Numb=Sing
et,et,CONcoo,MORPH=empty
erat,svm,VER,Numb=Sing|Mood=Ind|Tense=Impa|Voice=Act|Person=3
inde,inde,ADV,Deg=Pos
aliquorum,aliqvis,PROind,Case=Gen|Numb=Plur
nonnulla,nonnvllvs,PROind,Case=Nom|Numb=Sing
tristitia,tristitia,NOM1,Case=Nom|Numb=Sing
.,qvadranta,ADJcar,Case=Ind|Numb=Sing
quid,qvis,PROint,Case=Acc|Numb=Sing
plura,mvltvs,ADJqua,Case=Acc|Numb=Plur|Deg=Comp
deo,devs,NOM2,Case=Dat|Numb=Sing
placuit,placeo,VER,Numb=Sing|Mood=Ind|Tense=Perf|Voice=Act|Person=3
fugata,fvgo,VER,Case=Nom|Numb=Sing|Mood=Par|Tense=Perf|Voice=Pass
est,svm,VER,Numb=Sing|Mood=Ind|Tense=Pres|Voice=Act|Person=3
tristitia,tristitia,NOM1,Case=Nom|Numb=Sing
gaudium,gavdivm,NOM2,Case=Nom|Numb=Sing
successit,svccedo,VER,Numb=Sing|Mood=Ind|Tense=Perf|Voice=Act|Person=3
ordinatus,ordinatvs,ADJqua,Case=Nom|Numb=Sing
est,svm,VER,Numb=Sing|Mood=Ind|Tense=Pres|Voice=Act|Person=3
episcopus,episcopvs,NOM2,Case=Nom|Numb=Sing
quem,qvi,PROrel,Case=Acc|Numb=Sing
praecedens,praecedo,VER,Case=Nom|Numb=Sing|Mood=Par|Tense=Pres|Voice=Act
episcopus,episcopvs,NOM2,Case=Nom|Numb=Sing
designauerat,designo,VER,Numb=Sing|Mood=Ind|Tense=Pqp|Voice=Act|Person=3
.,qvintvs,ADJcar,Case=Acc|Numb=Plur
ergo,ergo,CONcoo,MORPH=empty
ne,ne,CONsub,MORPH=empty
aliquis,aliqvis,PROind,Case=Nom|Numb=Sing
de,de,PRE,MORPH=empty
me,ego,PROper,Case=Abl|Numb=Sing
queratur,qveror,VER,Numb=Sing|Mood=Sub|Tense=Pres|Voice=Dep|Person=3
uoluntatem,volvntas,NOM3,Case=Acc|Numb=Sing
meam,mevs,PROpos,Case=Acc|Numb=Sing
quam,qvi,PROrel,Case=Acc|Numb=Sing
credo,credo,VER,Numb=Sing|Mood=Ind|Tense=Pres|Voice=Act|Person=1
dei,devs,NOM2,Case=Gen|Numb=Sing
esse,svm,VER,Mood=Inf|Tense=Pres|Voice=Act
in,in,PRE,MORPH=empty
omnium,omnis,PROind,Case=Gen|Numb=Plur
uestrum,vester,PROper,Case=Gen|Numb=Plur
notitiam,notitia,NOM1,Case=Acc|Numb=Sing
perfero,perfero,VER,Numb=Sing|Mood=Ind|Tense=Pres|Voice=Act|Person=1
presbyterum,presbyter,NOM2,Case=Acc|Numb=Sing
Eraclium,eraclivs,NOM2,Case=Acc|Numb=Sing
mihi,ego,PROper,Case=Dat|Numb=Sing
successorem,svccessor,NOM3,Case=Acc|Numb=Sing
uolo,volo,VER,Numb=Sing|Mood=Ind|Tense=Pres|Voice=Act|Person=1
,,PRE,MORPH=empty
.,vnvs,ADJcar,Case=Acc|Numb=Plur
a,ab,PRE,MORPH=empty
populo,popvlvs,NOM2,Case=Abl|Numb=Sing
adclamatum,acclamo,VER,Case=Nom|Numb=Sing|Mood=Par|Tense=Perf|Voice=Pass
est,svm,VER,Numb=Sing|Mood=Ind|Tense=Pres|Voice=Act|Person=3
Deo,devs,NOM2,Case=Nom|Numb=Sing
gratias,gratia,NOM1,Case=Acc|Numb=Plur
Christo,christvs,NOM2,Case=Dat|Numb=Sing
laudes,lavs,NOM3,Case=Acc|Numb=Plur
dictum,dictvm,VER,Case=Nom|Numb=Sing
est,svm,VER,Numb=Sing|Mood=Ind|Tense=Pres|Voice=Act|Person=3
uicies,viciens,ADJadv.mul,MORPH=empty
terties,tertiens,ADJqua,Case=Nom|Numb=Plur
;,o,PRE,MORPH=empty
exaudi,exavdio,VER,Mood=Inf|Tense=Pres|Voice=Pass
Christe,christes,NOM2,Case=Voc|Numb=Sing
Augustino,avgvstinvs,ADJqua,Case=Abl|Numb=Sing|Deg=Pos
uita,vita,NOM1,Case=Abl|Numb=Sing
dictum,dictvm,NOM2,Case=Nom|Numb=Sing
est,svm,VER,Numb=Sing|Mood=Ind|Tense=Pres|Voice=Act|Person=3
sexies,sexiens,ADJadv.mul,MORPH=empty
decies,deciens,ADJadv.mul,MORPH=empty
;,,PRE,MORPH=empty
te,tv,PROper,Case=Abl|Numb=Sing
patrem,pater,NOM3,Case=Acc|Numb=Sing
te,tv,PROper,Case=Acc|Numb=Sing
episcopum,episcopvs,NOM2,Case=Nom|Numb=Sing
dictum,dictvm,NOM2,Case=Nom|Numb=Sing
est,svm,VER,Numb=Sing|Mood=Ind|Tense=Pres|Voice=Act|Person=3
octies,octiens,ADJadv.mul,Deg=Pos
.,vnvs,ADJcar,Case=Gen|Numb=Sing
Cumque,cvmqve,NOM2,Case=Voc|Numb=Sing
reticeretur,reticeo,VER,Numb=Sing|Mood=Sub|Tense=Impa|Voice=Pass|Person=3
Augustinus,avgvstinvs,NOM2,Case=Nom|Numb=Sing
episcopus,episcopvs,NOM2,Case=Nom|Numb=Sing
dixit,dico,VER,Numb=Sing|Mood=Ind|Tense=Perf|Voice=Act|Person=3
Non,non,NOM3,Case=Ind
opus,opvs,NOM6,Case=Ind
est,svm,VER,Numb=Sing|Mood=Ind|Tense=Pres|Voice=Act|Person=3
me,ego,PROper,Case=Acc|Numb=Sing
de,de,PRE,MORPH=empty
laudibus,lavs,NOM3,Case=Abl|Numb=Plur
eius,is,PROdem,Case=Gen|Numb=Sing
aliquid,aliqvis,PROind,Case=Acc|Numb=Sing
dicere,dico,VER,Mood=Inf|Tense=Pres|Voice=Act
;,o,PRE,MORPH=empty
faueo,favevs,NOM2,Case=Abl|Numb=Sing
sapientiae,sapientia,NOM1,Case=Gen|Numb=Sing
et,et,CONcoo,MORPH=empty
parco,parcvs,ADJqua,Case=Dat|Numb=Sing|Deg=Pos
uerecundiae,verecvndia,NOM1,Case=Gen|Numb=Sing
;,o,INJ,MORPH=empty
sufficit,svfficio,VER,Numb=Sing|Mood=Ind|Tense=Pres|Voice=Act|Person=3
quia,qvia,CONsub,MORPH=empty
nostis,nosco,VER,Numb=Plur|Mood=Ind|Tense=Perf|Voice=Act|Person=2
eum,is,PROdem,Case=Acc|Numb=Sing
;,o,PRE,MORPH=empty
et,et,CONcoo,MORPH=empty
hoc,hic,PROdem,Case=Acc|Numb=Sing
me,ego,PROper,Case=Acc|Numb=Sing
uelle,volo,VER,Mood=Inf|Tense=Pres|Voice=Act
dico,dico,VER,Numb=Sing|Mood=Ind|Tense=Pres|Voice=Act|Person=1
quod,qvod,CONsub,Case=Acc
uos,vos,PROper,Case=Acc|Numb=Plur
uelle,volo,VER,Mood=Inf|Tense=Pres|Voice=Act
scio,scio,VER,Numb=Sing|Mood=Ind|Tense=Pres|Voice=Act|Person=1
et,et,CONcoo,MORPH=empty
si,si,CONsub,MORPH=empty
ante,ante,ADV,Deg=Pos
nescirem,nescio,VER,Numb=Sing|Mood=Sub|Tense=Impa|Voice=Act|Person=1
hodie,hodie,ADV,Deg=Pos
probarem,probo,VER,Numb=Sing|Mood=Sub|Tense=Impa|Voice=Act|Person=1
.,vnvs,ADJcar,Case=Acc|Numb=Plur
hoc,hic,PROdem,Case=Acc|Numb=Sing
ergo,ergo,CONcoo,MORPH=empty
uolo,volo,VER,Numb=Sing|Mood=Ind|Tense=Pres|Voice=Act|Person=1
hoc,hic,PROdem,Case=Acc|Numb=Sing
a,ab,PRE,MORPH=empty
domino,dominvs,NOM2,Case=Abl|Numb=Sing
deo,devs,NOM2,Case=Abl|Numb=Sing
nostro,noster,PROpos,Case=Abl|Numb=Sing
etiam,etiam,ADV,Deg=Pos
in,in,PRE,MORPH=empty
aetate,aetas,NOM3,Case=Abl|Numb=Sing
frigida,frigidvs,ADJqua,Case=Abl|Numb=Sing|Deg=Pos
notis,nota,NOM1,Case=Abl|Numb=Plur
feruentibus,fervens,VER,Case=Abl|Numb=Plur|Tense=Pres|Voice=Act
posco,posco,VER,Numb=Sing|Mood=Ind|Tense=Pres|Voice=Act|Person=1
hoc,hic,PROdem,Case=Acc|Numb=Sing
ut,vt,CONsub,MORPH=empty
cum,cvm,CONsub,MORPH=empty
me,ego,PROper,Case=Acc|Numb=Sing
oretis,oro,VER,Numb=Plur|Mood=Ind|Tense=Pres|Voice=Act|Person=2
exhortor,exhortor,VER,Numb=Sing|Mood=Ind|Tense=Pres|Voice=Dep|Person=1
admoneo,admoneo,VER,Numb=Sing|Mood=Ind|Tense=Pres|Voice=Act|Person=1
rogo,rogo,VER,Numb=Sing|Mood=Ind|Tense=Pres|Voice=Act|Person=1
ut,vt,CONsub,MORPH=empty
omnium,omnis,PROind,Case=Gen|Numb=Plur
in,in,PRE,MORPH=empty
pace,pax,NOM3,Case=Abl|Numb=Sing
Christi,christvs,NOM2,Case=Gen|Numb=Sing
conlatis,confero,VER,Case=Abl|Numb=Plur|Mood=Par|Tense=Perf|Voice=Pass
et,et,CONcoo,MORPH=empty
conflatis,conflo,VER,Case=Abl|Numb=Plur|Mood=Par|Tense=Perf|Voice=Pass
mentibus,mens,NOM3,Case=Abl|Numb=Plur
confirmet,confirmo,VER,Numb=Sing|Mood=Sub|Tense=Pres|Voice=Act|Person=3
deus,devs,NOM2,Case=Nom|Numb=Sing
quod,qvi,PROrel,Case=Acc|Numb=Sing
operatus,operor,VER,Case=Nom|Numb=Sing|Mood=Par|Tense=Perf|Voice=Dep
est,svm,VER,Numb=Sing|Mood=Ind|Tense=Pres|Voice=Act|Person=3
in,in,PRE,MORPH=empty
nobis,nos,PROper,Case=Abl|Numb=Plur
.,pes,ADJcar,Case=Acc|Numb=Plur
qui,qvi,PROrel,Case=Nom|Numb=Sing
misit,mitto,VER,Numb=Sing|Mood=Ind|Tense=Perf|Voice=Act|Person=3
mihi,ego,PROper,Case=Dat|Numb=Sing
eum,is,PROdem,Case=Acc|Numb=Sing
seruet,servo,VER,Numb=Sing|Mood=Sub|Tense=Pres|Voice=Act|Person=3
eum,is,PROdem,Case=Acc|Numb=Sing
sernet,serno,VER,Numb=Sing|Mood=Ind|Tense=Fut|Voice=Act|Person=3
incolumem,incolvmis,ADJqua,Case=Acc|Numb=Sing|Deg=Pos
semet,svi,PROref,Case=Acc|Numb=Sing
sine,sine,PRE,MORPH=empty
crimine,crimen,NOM3,Case=Abl|Numb=Sing
ut,vt,ADVrel,MORPH=empty
qui,qvi,PROrel,Case=Nom|Numb=Sing
facit,facio,VER,Numb=Sing|Mood=Ind|Tense=Pres|Voice=Act|Person=3
gaudium,gavdivm,NOM2,Case=Acc|Numb=Sing
uiuentis,vivens,VER,Case=Acc|Numb=Sing
suppleat,svppleo,VER,Numb=Sing|Mood=Sub|Tense=Pres|Voice=Act|Person=3
locum,locvs,NOM2,Case=Acc|Numb=Sing
morientis,morior,VER,Case=Acc|Numb=Plur|Mood=Par|Tense=Pres|Voice=Dep
.,vnvs,ADJcar,Case=Acc|Numb=Plur
a,ab,PRE,MORPH=empty
notariis,notarivs,NOM2,Case=Abl|Numb=Plur
ecclesiae,ecclesia,NOM1,Case=Nom|Numb=Plur
sicut,sicvt,ADVrel,MORPH=empty
cernitis,cerno,VER,Numb=Plur|Mood=Ind|Tense=Pres|Voice=Act|Person=2
excipiuntur,excipio,VER,Numb=Plur|Mood=Ind|Tense=Pres|Voice=Pass|Person=3
quae,qvi,PROrel,Case=Acc|Numb=Plur
dicimus,dico,VER,Numb=Plur|Mood=Ind|Tense=Pres|Voice=Act|Person=1
excipiuntur,excipio,VER,Numb=Plur|Mood=Ind|Tense=Pres|Voice=Pass|Person=3
quae,qvi,PROrel,Case=Acc|Numb=Plur
dicitis,dico,VER,Numb=Plur|Mood=Ind|Tense=Pres|Voice=Act|Person=2
;,o,INJ,MORPH=empty
et,et,CONcoo,MORPH=empty
meus,mevs,PROpos,Case=Nom|Numb=Sing
sermo,sermo,NOM3,Case=Nom|Numb=Sing
et,et,CONcoo,MORPH=empty
uestrae,vester,PROpos,Case=Nom|Numb=Plur
adclamationes,acclamatio,NOM3,Case=Nom|Numb=Plur
in,in,PRE,MORPH=empty
terram,terra,NOM1,Case=Acc|Numb=Sing
non,non,ADVneg,MORPH=empty
cadunt,cado,VER,Numb=Plur|Mood=Ind|Tense=Pres|Voice=Act|Person=3
.,vnvs,ADJcar,Case=Acc|Numb=Plur
apertius,aperte,ADV,Deg=Comp
ut,vt,CONsub,MORPH=empty
dicam,dico,VER,Numb=Sing|Mood=Sub|Tense=Pres|Voice=Act|Person=1
ecclesiastica,ecclesiastica,NOM1,Case=Abl|Numb=Sing
nunc,nvnc,ADV,Deg=Pos
gesta,gero,VER,Case=Acc|Numb=Plur|Mood=Par|Tense=Perf|Voice=Pass
conficimus,conficio,VER,Numb=Plur|Mood=Ind|Tense=Pres|Voice=Act|Person=1
;,o,INJ,MORPH=empty
sic,sic,ADV,Deg=Pos
enim,enim,CONcoo,MORPH=empty
hoc,hic,PROdem,Case=Acc|Numb=Sing
esse,svm,VER,Mood=Inf|Tense=Pres|Voice=Act
quantum,qvantvm,ADVrel,Case=Acc
ad,ad,PRE,MORPH=empty
homines,homo,NOM3,Case=Acc|Numb=Plur
adtinet,attineo,VER,Numb=Sing|Mood=Ind|Tense=Pres|Voice=Act|Person=3
confirmatum,confirmo,VER,Case=Acc|Numb=Sing|Mood=Inf|Tense=Perf|Voice=Pass
uolo,volo,VER,Numb=Sing|Mood=Ind|Tense=Pres|Voice=Act|Person=1
,,PRE,MORPH=empty
.,vnvs,ADJcar,Case=Acc|Numb=Plur
a,ab,PRE,MORPH=empty
populo,popvlvs,NOM2,Case=Abl|Numb=Sing
adclamatum,acclamo,VER,Case=Nom|Numb=Sing|Mood=Par|Tense=Perf|Voice=Pass
est,svm,VER,Numb=Sing|Mood=Ind|Tense=Pres|Voice=Act|Person=3
Deo,devs,NOM2,Case=Nom|Numb=Sing
gratias,gratia,NOM1,Case=Acc|Numb=Plur
Christo,christvs,NOM3,Case=Dat|Numb=Sing
laudes,lavs,NOM3,Case=Acc|Numb=Plur
dictum,dictvm,VER,Case=Nom|Numb=Sing
est,svm,VER,Numb=Sing|Mood=Ind|Tense=Pres|Voice=Act|Person=3
tricies,tricies,ADJadv.mul,Case=Nom|Numb=Sing
sexies,sexiens,ADJadv.mul,MORPH=empty
;,o,PRE,MORPH=empty
exaudi,exavdio,VER,Mood=Inf|Tense=Pres|Voice=Pass
Christe,christes,NOM2,Case=Voc|Numb=Sing
Augustino,avgvstinvs,ADJqua,Case=Abl|Numb=Sing|Deg=Pos
uita,vita,NOM1,Case=Abl|Numb=Sing
dictum,dictvm,NOM2,Case=Nom|Numb=Sing
est,svm,VER,Numb=Sing|Mood=Ind|Tense=Pres|Voice=Act|Person=3
tredecies,tredecies,ADJadv.mul,Case=Nom|Numb=Sing
;,,PRE,MORPH=empty
te,tv,PROper,Case=Abl|Numb=Sing
patrem,pater,NOM3,Case=Acc|Numb=Sing
te,tv,PROper,Case=Acc|Numb=Sing
episcopum,episcopvs,NOM2,Case=Gen|Numb=Sing
dictum,dictvm,NOM2,Case=Nom|Numb=Sing
est,svm,VER,Numb=Sing|Mood=Ind|Tense=Pres|Voice=Act|Person=3
octies,octiens,ADJqua,Deg=Pos
;,o,PRE,MORPH=empty
dignum,dignvs,ADJqua,Case=Nom|Numb=Sing|Deg=Pos
et,et,CONcoo,MORPH=empty
iustum,ivstvs,ADJqua,Case=Nom|Numb=Sing|Deg=Pos
est,svm,VER,Numb=Sing|Mood=Ind|Tense=Pres|Voice=Act|Person=3
dictum,dictvm,NOM2,Case=Nom|Numb=Sing
est,svm,VER,Numb=Sing|Mood=Ind|Tense=Pres|Voice=Act|Person=3
uicies,viciens,ADJadv.mul,MORPH=empty
;,o,INJ,MORPH=empty
bene,bene,ADV,Deg=Pos
meritus,mereor,ADJqua,Case=Nom|Numb=Sing|Tense=Perf|Voice=Dep
bene,bene,ADV,Deg=Pos
dignus,dignvs,ADJqua,Case=Nom|Numb=Sing|Deg=Pos
dictum,dictvm,NOM2,Case=Nom|Numb=Sing
est,svm,VER,Numb=Sing|Mood=Ind|Tense=Pres|Voice=Act|Person=3
quinquies,qvinqviens,ADJadv.mul,MORPH=empty
;,o,PRE,MORPH=empty
dignum,dignvs,ADJqua,Case=Nom|Numb=Sing|Deg=Pos
et,et,CONcoo,MORPH=empty
iustum,ivstvs,ADJqua,Case=Nom|Numb=Sing|Deg=Pos
est,svm,VER,Numb=Sing|Mood=Ind|Tense=Pres|Voice=Act|Person=3
dictum,dictvm,NOM2,Case=Nom|Numb=Sing
est,svm,VER,Numb=Sing|Mood=Ind|Tense=Pres|Voice=Act|Person=3
sexies,sexiens,ADJadv.mul,MORPH=empty
.,vnvs,ADJcar,Case=Acc|Numb=Sing
Cumque,cvmqve,NOM2,Case=Voc|Numb=Sing
reticeretur,reticeo,VER,Numb=Sing|Mood=Sub|Tense=Impa|Voice=Pass|Person=3
Augustinus,avgvstinvs,NOM2,Case=Nom|Numb=Sing
episcopus,episcopvs,NOM2,Case=Nom|Numb=Sing
dixit,dico,VER,Numb=Sing|Mood=Ind|Tense=Perf|Voice=Act|Person=3
Ergo,ergo,NOM2,Case=Dat|Numb=Sing
ut,vt,ADVrel,MORPH=empty
dicebam,dico,VER,Numb=Sing|Mood=Ind|Tense=Impa|Voice=Act|Person=1
uoluntatem,volvntas,NOM3,Case=Acc|Numb=Sing
meam,mevs,PROpos,Case=Acc|Numb=Sing
et,et,CONcoo,MORPH=empty
uoluntatem,volvntas,NOM3,Case=Acc|Numb=Sing
uestram,vester,PROpos,Case=Acc|Numb=Sing
gestis,gero,VER,Case=Abl|Numb=Plur|Mood=Par|Tense=Perf|Voice=Pass
ecclesiasticis,ecclesiasticvs,ADJqua,Case=Abl|Numb=Plur|Deg=Pos
quantum,qvantvm,PROrel,MORPH=empty
ad,ad,PRE,MORPH=empty
homines,homo,NOM3,Case=Acc|Numb=Plur
adtinet,attineo,VER,Numb=Sing|Mood=Ind|Tense=Pres|Voice=Act|Person=3
confirmatam,confirmo,VER,Case=Acc|Numb=Sing|Mood=Inf|Tense=Perf|Voice=Pass
uolo,volo,VER,Numb=Sing|Mood=Ind|Tense=Pres|Voice=Act|Person=1
quantum,qvantvm,PROrel,Case=Acc|Numb=Sing
uero,vero,CONcoo,MORPH=empty
ad,ad,PRE,MORPH=empty
latentem,lateo,VER,Case=Acc|Numb=Sing|Mood=Par|Tense=Pres|Voice=Act
omnipotentis,omnipotens,ADJqua,Case=Gen|Numb=Sing|Deg=Pos
uoluntatem,volvntas,NOM3,Case=Acc|Numb=Sing
omnes,omnis,PROind,Case=Nom|Numb=Plur
ut,vt,ADVrel,MORPH=empty
dixi,dico,VER,Numb=Sing|Mood=Ind|Tense=Perf|Voice=Act|Person=1
oremus,oro,VER,Numb=Plur|Mood=Sub|Tense=Pres|Voice=Act|Person=1
ut,vt,CONsub,MORPH=empty
confirmet,confirmo,VER,Numb=Sing|Mood=Sub|Tense=Pres|Voice=Act|Person=3
deus,devs,NOM2,Case=Nom|Numb=Sing
quod,qvi,PROrel,Case=Nom|Numb=Sing
operatur,operor,VER,Numb=Sing|Mood=Ind|Tense=Pres|Voice=Pass|Person=3
in,in,PRE,MORPH=empty
nobis,nos,PROper,Case=Abl|Numb=Plur
,,PRE,MORPH=empty
.,qvintvs,ADJcar,Case=Acc|Numb=Plur
a,ab,PRE,MORPH=empty
populo,popvlvs,NOM2,Case=Abl|Numb=Sing
adclamatum,acclamo,VER,Case=Nom|Numb=Sing|Mood=Par|Tense=Perf|Voice=Pass
est,svm,VER,Numb=Sing|Mood=Ind|Tense=Pres|Voice=Act|Person=3
Iudicio,ivdicivs,NOM2,Case=Dat|Numb=Sing
tuo,tvvs,PROpos,Case=Dat|Numb=Sing
gratias,gratia,NOM1,Case=Acc|Numb=Plur
agimus,ago,VER,Numb=Plur|Mood=Ind|Tense=Pres|Voice=Act|Person=1
dictum,dictvm,NOM2,Case=Nom|Numb=Sing
est,svm,VER,Numb=Sing|Mood=Ind|Tense=Pres|Voice=Act|Person=3
sedecies,sedecies,ADJadv.mul,MORPH=empty
;,,INJ,MORPH=empty
fiat,fio,VER,Numb=Sing|Mood=Sub|Tense=Pres|Voice=Act|Person=3
fiat,fio,VER,Numb=Sing|Mood=Sub|Tense=Pres|Voice=Act|Person=3
dictum,dictvm,NOM2,Case=Nom|Numb=Sing
est,svm,VER,Numb=Sing|Mood=Ind|Tense=Pres|Voice=Act|Person=3
duodecies,dvodeciens,ADJadv.mul,MORPH=empty
;,o,PRE,MORPH=empty
te,tv,PROper,Case=Abl|Numb=Sing
patrem,pater,NOM3,Case=Acc|Numb=Sing
Eraclium,eraclivs,NOM2,Case=Nom|Numb=Sing
episcopum,episcopvs,NOM2,Case=Nom|Numb=Sing
dictum,dictvm,NOM2,Case=Nom|Numb=Sing
est,svm,VER,Numb=Sing|Mood=Ind|Tense=Pres|Voice=Act|Person=3
sexies,sexiens,ADJadv.mul,MORPH=empty
.,vnvs,ADJcar,Case=Gen|Numb=Sing
Cumque,cvmqve,NOM2,Case=Voc|Numb=Sing
reticeretur,reticeo,VER,Numb=Sing|Mood=Sub|Tense=Impa|Voice=Pass|Person=3
Augustinus,avgvstinvs,NOM2,Case=Nom|Numb=Sing
episcopus,episcopvs,NOM2,Case=Nom|Numb=Sing
dixit,dico,VER,Numb=Sing|Mood=Ind|Tense=Perf|Voice=Act|Person=3
Scio,scio,NOM2,Case=Dat|Numb=Sing
quod,qvi,PROrel,Case=Acc
scitis,scio,VER,Numb=Plur|Mood=Ind|Tense=Pres|Voice=Act|Person=2
et,et,CONcoo,MORPH=empty
uos,vos,PROper,Case=Acc|Numb=Plur
sed,sed,CONcoo,MORPH=empty
nolo,nolo,VER,Numb=Sing|Mood=Ind|Tense=Pres|Voice=Act|Person=1
de,de,PRE,MORPH=empty
illo,ille,PROdem,Case=Abl|Numb=Sing
fieri,fio,VER,Mood=Inf|Tense=Pres|Voice=Act
quod,qvi,PROrel,Case=Nom|Numb=Sing
de,de,PRE,MORPH=empty
me,ego,PROper,Case=Abl|Numb=Sing
factum,factvm,NOM2,Case=Nom|Numb=Sing
est,svm,VER,Numb=Sing|Mood=Ind|Tense=Pres|Voice=Act|Person=3
.,vnvs,ADJcar,Case=Gen|Numb=Sing
quid,qvis,PROint,Case=Nom|Numb=Sing
autem,avtem,CONcoo,MORPH=empty
factum,factvm,NOM2,Case=Nom|Numb=Sing
sit,svm,VER,Numb=Sing|Mood=Sub|Tense=Pres|Voice=Act|Person=3
multi,mvlti,NOM2,Case=Nom|Numb=Plur|Deg=Pos
scitis,scio,VER,Numb=Plur|Mood=Ind|Tense=Pres|Voice=Act|Person=2
;,o,PRE,MORPH=empty
illi,ille,PROdem,Case=Nom|Numb=Plur
soli,solvs,PROind,Case=Nom|Numb=Plur
nesciunt,nescio,VER,Numb=Plur|Mood=Ind|Tense=Pres|Voice=Act|Person=3
qui,qvi,PROrel,Case=Nom|Numb=Plur
tunc,tvnc,ADV,Deg=Pos
aut,avt,CONcoo,MORPH=empty
nondum,nondvm,ADVneg,MORPH=empty
erant,svm,VER,Numb=Plur|Mood=Ind|Tense=Impa|Voice=Act|Person=3
nati,natvs,NOM2,Case=Nom|Numb=Plur
aut,avt,CONcoo,MORPH=empty
nondum,nondvm,ADVneg,MORPH=empty
habebant,habeo,VER,Numb=Plur|Mood=Ind|Tense=Impa|Voice=Act|Person=3
aetatem,aetas,NOM3,Case=Acc|Numb=Sing
sciendi,scio,VER,Case=Gen|Numb=Sing|Mood=Ger|Voice=Act
.,vnvs,ADJcar,Case=Gen|Numb=Plur
adhuc,adhvc,ADV,Deg=Pos
in,in,PRE,MORPH=empty
corpore,corpvs,NOM3,Case=Abl|Numb=Sing
posito,pono,VER,Case=Abl|Numb=Sing|Mood=Par|Tense=Perf|Voice=Pass
beatae,beatvs,ADJqua,Case=Gen|Numb=Sing|Deg=Pos
memoriae,memoria,NOM1,Case=Gen|Numb=Sing
patre,pater,NOM3,Case=Abl|Numb=Sing
et,et,CONcoo,MORPH=empty
episcopo,episcopvs,NOM3,Case=Abl|Numb=Sing
meo,mevs,PROpos,Case=Abl|Numb=Sing
sene,senex,NOM3,Case=Abl|Numb=Sing
Valerio,valerivs,NOM2,Case=Abl|Numb=Sing
episcopus,episcopvs,NOM2,Case=Nom|Numb=Sing
ordinatus,ordinatvs,VER,Case=Nom|Numb=Sing|Mood=Par|Tense=Perf|Voice=Pass
sum,svm,VER,Numb=Sing|Mood=Ind|Tense=Pres|Voice=Act|Person=1
et,et,CONcoo,MORPH=empty
sedi,sedeo,VER,Numb=Sing|Mood=Ind|Tense=Perf|Voice=Act|Person=1
cum,cvm,PRE,MORPH=empty
illo,ille,PROdem,Case=Abl|Numb=Sing
quod,qvod,CONsub,Case=Acc
concilio,concilivm,NOM2,Case=Abl|Numb=Sing
Nicaeno,nicaenvs,NOM2,Case=Dat|Numb=Sing
prohibitum,prohibeo,VER,Case=Acc|Numb=Sing|Mood=Par|Tense=Perf|Voice=Pass
fuisse,svm,VER,Mood=Inf|Tense=Perf|Voice=Act
nesciebam,nescio,VER,Numb=Sing|Mood=Ind|Tense=Impa|Voice=Act|Person=1
nec,nec,CONcoo,MORPH=empty
ipse,ipse,PROdem,Case=Nom|Numb=Sing
sciebat,scio,VER,Numb=Sing|Mood=Ind|Tense=Impa|Voice=Act|Person=3
.,vnvs,ADJcar,Case=Acc|Numb=Plur
quod,qvi,PROrel,Case=Nom|Numb=Sing
ergo,ergo,CONcoo,MORPH=empty
reprehensum,reprehendo,VER,Case=Nom|Numb=Sing|Voice=Pass
est,svm,VER,Numb=Sing|Mood=Ind|Tense=Pres|Voice=Act|Person=3
in,in,PRE,MORPH=empty
me,ego,PROper,Case=Acc|Numb=Sing
nolo,nolo,VER,Numb=Sing|Mood=Ind|Tense=Pres|Voice=Act|Person=1
reprehendi,reprehendo,VER,Mood=Inf|Tense=Pres|Voice=Act
in,in,PRE,MORPH=empty
filio,filivs,NOM2,Case=Abl|Numb=Sing
meo,mevs,PROpos,Case=Abl|Numb=Sing
,,PRE,MORPH=empty
.,pes,ADJcar,Case=Acc|Numb=Plur
a,ab,PRE,MORPH=empty
populo,popvlvs,NOM2,Case=Abl|Numb=Sing
adclamatum,acclamo,VER,Case=Nom|Numb=Sing|Mood=Par|Tense=Perf|Voice=Pass
est,svm,VER,Numb=Sing|Mood=Ind|Tense=Pres|Voice=Act|Person=3
Deo,devs,NOM2,Case=Nom|Numb=Sing
gratias,gratia,NOM1,Case=Acc|Numb=Plur
Christo,christvs,NOM2,Case=Dat|Numb=Sing
laudes,lavs,NOM3,Case=Acc|Numb=Plur
dictum,dictvm,VER,Case=Nom|Numb=Sing
est,svm,VER,Numb=Sing|Mood=Ind|Tense=Pres|Voice=Act|Person=3
tredecies,tredecies,ADJadv.mul,Case=Nom|Numb=Sing
.,vnvs,ADJcar,Case=Gen|Numb=Sing
Cumque,cvmqve,NOM2,Case=Voc|Numb=Sing
reticeretur,reticeo,VER,Numb=Sing|Mood=Sub|Tense=Impa|Voice=Pass|Person=3
Augustinus,avgvstinvs,NOM2,Case=Nom|Numb=Sing
episcopus,episcopvs,NOM2,Case=Nom|Numb=Sing
dixit,dico,VER,Numb=Sing|Mood=Ind|Tense=Perf|Voice=Act|Person=3
Erit,erites,NOM3,Numb=Sing
presbyter,presbyter,VER,Numb=Sing|Mood=Sub
ut,vt,ADVrel,MORPH=empty
est,svm,VER,Numb=Sing|Mood=Ind|Tense=Pres|Voice=Act|Person=3
quando,qvando,CONsub,MORPH=empty
deus,devs,NOM2,Case=Nom|Numb=Sing
uoluerit,volo,VER,Numb=Sing|Mood=Sub|Tense=Perf|Voice=Act|Person=3
futurus,svm,VER,Case=Nom|Numb=Sing|Mood=Par|Tense=Fut|Voice=Act
episcopus,episcopvs,NOM2,Case=Nom|Numb=Sing
.,qvadrantal,ADJcar,Case=Acc|Numb=Plur
sed,sed,CONcoo,MORPH=empty
plane,plane,ADV,Deg=Pos
modo,modo,ADV,Deg=Pos
facturus,facio,VER,Case=Nom|Numb=Sing|Mood=Par|Tense=Fut|Voice=Act
sum,svm,VER,Numb=Sing|Mood=Ind|Tense=Pres|Voice=Act|Person=1
adiuuante,adivvo,VER,Case=Abl|Numb=Sing|Mood=Par|Tense=Pres|Voice=Act
misericordia,misericordia,NOM1,Case=Abl|Numb=Sing
dei,devs,NOM2,Case=Gen|Numb=Sing
quod,qvi,PROrel,Case=Acc|Numb=Sing
adhuc,adhvc,ADV,Deg=Pos
usque,vsqve,ADV,Deg=Pos
non,non,ADVneg,MORPH=empty
feci,facio,VER,Numb=Sing|Mood=Ind|Tense=Perf|Voice=Act|Person=1
.,vnvs,ADJcar,Case=Acc|Numb=Sing
nostis,nosco,VER,Numb=Plur|Mood=Ind|Tense=Perf|Voice=Act|Person=2
ante,ante,PRE,MORPH=empty
aliquot,aliqvot,PROind,Case=Ind
annos,annvs,NOM2,Case=Acc|Numb=Plur
quod,qvi,PROrel,Case=Acc|Numb=Sing
facere,facio,VER,Mood=Inf|Tense=Pres|Voice=Act
uoluerim,volo,VER,Numb=Sing|Mood=Sub|Tense=Perf|Voice=Act|Person=1
et,et,CONcoo,MORPH=empty
non,non,ADVneg,MORPH=empty
permisistis,permitto,VER,Numb=Plur|Mood=Ind|Tense=Perf|Voice=Act|Person=2
.,vnvs,ADJcar,Case=Acc|Numb=Sing
placuit,placeo,VER,Numb=Sing|Mood=Ind|Tense=Perf|Voice=Act|Person=3
mihi,ego,PROper,Case=Dat|Numb=Sing
et,et,CONcoo,MORPH=empty
uobis,vos,PROper,Case=Dat|Numb=Plur
propter,propter,PRE,MORPH=empty
curam,cvra,NOM1,Case=Acc|Numb=Sing
scripturarum,scriptvra,NOM1,Case=Gen|Numb=Plur
quam,qvi,PROrel,Case=Acc
mihi,ego,PROper,Case=Dat|Numb=Sing
fratres,frater,NOM3,Case=Nom|Numb=Plur
et,et,CONcoo,MORPH=empty
patres,pater,NOM3,Case=Nom|Numb=Plur
mei,mevs,PROpos,Case=Gen|Numb=Plur
coepiscopi,coepiscopvs,NOM3,Case=Dat|Numb=Sing
mei,mevs,PROpos,Case=Gen|Numb=Plur
duobus,dvo,ADJcar,Case=Abl|Numb=Plur
conciliis,concilivm,NOM2,Case=Abl|Numb=Plur
Numidiae,nvmidia,NOM1,Case=Dat|Numb=Sing
et,et,CONcoo,MORPH=empty
Carthaginensi,carthaginensis,NOM3,Case=Dat|Numb=Sing|Deg=Pos
inponere,impono,VER,Mood=Inf|Tense=Pres|Voice=Act
dignati,dignor,VER,Case=Nom|Numb=Plur|Tense=Perf
sunt,svm,VER,Numb=Plur|Mood=Ind|Tense=Pres|Voice=Act|Person=3
ut,vt,CONsub,MORPH=empty
per,per,PRE,MORPH=empty
quinque,qvinqve,ADJcar,Case=Ind
dies,dies,NOM5,Case=Acc|Numb=Plur
nemo,nemo,PROind,Case=Nom|Numb=Sing
mihi,ego,PROper,Case=Dat|Numb=Sing
molestus,molestvs,ADJqua,Case=Nom|Numb=Sing|Deg=Pos
esset,svm,VER,Numb=Sing|Mood=Sub|Tense=Impa|Voice=Act|Person=3
.,qvintvs,ADJcar,Case=Nom|Numb=Sing
et,et,CONcoo,MORPH=empty
gesta,gero,VER,Case=Nom|Numb=Plur|Mood=Par|Tense=Perf|Voice=Pass
confecta,conficio,VER,Case=Nom|Numb=Plur|Mood=Par|Tense=Perf|Voice=Pass
sunt,svm,VER,Numb=Plur|Mood=Ind|Tense=Pres|Voice=Act|Person=3
placuit,placeo,VER,Numb=Sing|Mood=Ind|Tense=Perf|Voice=Act|Person=3
adclamastis,acclamo,VER,Numb=Plur|Mood=Ind|Tense=Pres|Voice=Act|Person=2
;,o,INJ,MORPH=empty
recitatur,recito,VER,Numb=Sing|Mood=Ind|Tense=Pres|Voice=Pass|Person=3
placitum,placeo,NOM4,Case=Acc|Numb=Sing
uestrum,vester,PROpos,Case=Gen|Numb=Plur
et,et,CONcoo,MORPH=empty
adclamationes,acclamatio,NOM3,Case=Nom|Numb=Plur
uestrae,vester,PROpos,Case=Dat|Numb=Plur
.,vnvs,ADJcar,Case=Nom|Numb=Plur
paruo,parvvs,ADJqua,Case=Abl|Numb=Sing|Deg=Pos
tempore,tempvs,NOM3,Case=Abl|Numb=Sing
seruatum,servo,VER,Case=Nom|Numb=Sing|Mood=Par|Tense=Perf|Voice=Pass
est,svm,VER,Numb=Sing|Mood=Ind|Tense=Pres|Voice=Act|Person=3
circa,circa,PRE,MORPH=empty
me,ego,PROper,Case=Acc|Numb=Sing
;,o,INJ,MORPH=empty
uiolenter,violenter,ADV,Deg=Pos
inruptum,irrvptvs,ADJqua,Case=Nom|Numb=Sing
est,svm,VER,Numb=Sing|Mood=Ind|Tense=Pres|Voice=Act|Person=3
et,et,CONcoo,MORPH=empty
non,non,ADVneg,MORPH=empty
permittor,permitto,VER,Numb=Sing|Mood=Ind|Tense=Pres|Voice=Pass|Person=1
ad,ad,PRE,MORPH=empty
quod,qvi,PROrel,Case=Acc|Numb=Sing
uolo,volo,VER,Numb=Sing|Mood=Ind|Tense=Pres|Voice=Act|Person=1
uacare,vaco,VER,Mood=Inf|Tense=Pres|Voice=Act
.,vnvs,ADJcar,Case=Acc|Numb=Plur
ante,ante,PRE,MORPH=empty
meridiem,meridies,NOM5,Case=Acc|Numb=Sing
et,et,CONcoo,MORPH=empty
post,post,PRE,Deg=Pos
meridiem,meridies,NOM5,Case=Acc|Numb=Sing
in,in,PRE,MORPH=empty
occupationes,occvpatio,NOM3,Case=Acc|Numb=Plur
hominum,homo,NOM3,Case=Gen|Numb=Plur
implicor,implico,VER,Numb=Sing|Mood=Ind|Tense=Pres|Voice=Pass|Person=1
.,qvintvs,ADJcar,Case=Acc|Numb=Plur
obsecro,obsecro,VER,Numb=Sing|Mood=Ind|Tense=Pres|Voice=Act|Person=1
uos,vos,PROper,Case=Acc|Numb=Plur
et,et,CONcoo,MORPH=empty
constringo,constringo,VER,Numb=Sing|Mood=Ind|Tense=Pres|Voice=Act|Person=1
per,per,PRE,MORPH=empty
Christum,christvs,NOM2,Case=Acc|Numb=Sing
ut,vt,ADVrel,MORPH=empty
huic,hic,PROdem,Case=Dat|Numb=Sing
iuueni,ivvenis,NOM3,Case=Dat|Numb=Sing
hoc,hic,PROdem,Case=Nom|Numb=Sing
est,svm,VER,Numb=Sing|Mood=Ind|Tense=Pres|Voice=Act|Person=3
Eraclio,eraclivs,NOM2,Case=Voc|Numb=Sing
presbytero,presbyter,VER,Numb=Sing|Tense=Pres|Voice=Act|Person=1
quem,qvi,PROrel,Case=Acc|Numb=Sing
hodie,hodie,ADV,Deg=Pos
in,in,PRE,MORPH=empty
nomine,nomen,NOM3,Case=Abl|Numb=Sing
Christi,christvs,NOM2,Case=Gen|Numb=Sing
designo,designo,VER,Numb=Sing|Mood=Ind|Tense=Pres|Voice=Act|Person=1
episcopum,episcopvs,NOM2,Case=Acc|Numb=Sing
successorem,svccessor,NOM3,Case=Acc|Numb=Sing
mihi,ego,PROper,Case=Dat|Numb=Sing
patiamini,patior,VER,Numb=Plur|Mood=Sub|Tense=Pres|Voice=Dep|Person=2
refundere,refvndo,VER,Mood=Inf|Tense=Pres|Voice=Act
onera,onvs,NOM3,Case=Acc|Numb=Plur
occupationum,occvpatio,NOM3,Case=Gen|Numb=Plur
mearum,mevs,PROpos,Case=Gen|Numb=Plur
,,PRE,MORPH=empty
.,qvintvs,ADJcar,Case=Acc|Numb=Plur
a,ab,PRE,MORPH=empty
populo,popvlvs,NOM2,Case=Abl|Numb=Sing
adclamatum,acclamo,VER,Case=Nom|Numb=Sing|Mood=Par|Tense=Perf|Voice=Pass
est,svm,VER,Numb=Sing|Mood=Ind|Tense=Pres|Voice=Act|Person=3
Iudicio,ivdicivs,NOM2,Case=Dat|Numb=Sing
tuo,tvvs,PROpos,Case=Dat|Numb=Sing
gratias,gratia,NOM1,Case=Acc|Numb=Plur
agimus,ago,VER,Numb=Plur|Mood=Ind|Tense=Pres|Voice=Act|Person=1
dictum,dictvm,NOM2,Case=Nom|Numb=Sing
est,svm,VER,Numb=Sing|Mood=Ind|Tense=Pres|Voice=Act|Person=3
uicies,viciens,ADJadv.mul,MORPH=empty
sexies,sexiens,ADJadv.mul,MORPH=empty
.,vnvs,ADJcar,Case=Acc|Numb=Plur
Cumque,cvmqve,NOM2,Case=Voc|Numb=Sing
reticeretur,reticeo,VER,Numb=Sing|Mood=Sub|Tense=Impa|Voice=Pass|Person=3
Augustinus,avgvstinvs,NOM2,Case=Nom|Numb=Sing
episcopus,episcopvs,NOM2,Case=Nom|Numb=Sing
dixit,dico,VER,Numb=Sing|Mood=Ind|Tense=Perf|Voice=Act|Person=3
Ego,ego,NOM3,Case=Nom|Numb=Sing|Deg=Pos
caritati,caritas,NOM3,Case=Dat|Numb=Sing
et,et,CONcoo,MORPH=empty
beniuolentiae,benevolentia,NOM1,Case=Gen|Numb=Sing
uestrae,vester,PROpos,Case=Dat|Numb=Sing
apud,apvd,PRE,MORPH=empty
dominum,dominvs,NOM2,Case=Acc|Numb=Sing
deum,devs,NOM2,Case=Acc|Numb=Plur
nostrum,noster,PROpos,Case=Acc|Numb=Sing
gratias,gratia,NOM1,Case=Acc|Numb=Plur
ago,ago,VER,Numb=Sing|Mood=Ind|Tense=Pres|Voice=Act|Person=1
immo,immo,ADV,Deg=Pos
de,de,PRE,MORPH=empty
illa,ille,PROdem,Case=Abl|Numb=Sing
gratias,gratia,NOM1,Case=Acc|Numb=Plur
ago,ago,VER,Numb=Sing|Mood=Ind|Tense=Pres|Voice=Act|Person=1
.,vnvs,ADJcar,Case=Acc|Numb=Plur
ergo,ergo,CONcoo,MORPH=empty
fratres,frater,NOM3,Case=Nom|Numb=Plur
quicquid,qvisqvis,PROrel,Case=Nom|Numb=Sing
est,svm,VER,Numb=Sing|Mood=Ind|Tense=Pres|Voice=Act|Person=3
quod,qvi,PROrel,Case=Nom|Numb=Sing
ad,ad,PRE,MORPH=empty
me,ego,PROper,Case=Acc|Numb=Sing
feratur,fero,VER,Numb=Sing|Mood=Sub|Tense=Pres|Voice=Pass|Person=3
ad,ad,PRE,MORPH=empty
illum,ille,PROdem,Case=Acc|Numb=Sing
perferatur,perfero,VER,Numb=Sing|Mood=Ind|Tense=Pres|Voice=Pass|Person=3
.,qvintvs,ADJcar,Case=Nom|Numb=Sing
ubi,vbi,ADVint,MORPH=empty
necessarium,necessarivs,ADJqua,Case=Nom|Numb=Sing|Deg=Pos
fuerit,svm,VER,Numb=Sing|Mood=Sub|Tense=Fut|Voice=Act|Person=3
consilium,consilivm,NOM2,Case=Acc|Numb=Sing
meum,mevs,PROpos,Case=Acc|Numb=Sing
non,non,ADVneg,MORPH=empty
negabo,nego,VER,Numb=Sing|Mood=Ind|Tense=Fut|Voice=Act|Person=1
;,o,PRE,MORPH=empty
auxilium,avxilivm,NOM2,Case=Acc|Numb=Sing
absit,absvm,VER,Numb=Sing|Mood=Sub|Tense=Pres|Voice=Act|Person=3
ut,vt,CONsub,MORPH=empty
subtraham,svbtraho,VER,Numb=Sing|Mood=Sub|Tense=Pres|Voice=Act|Person=1
.,vnvs,ADJcar,Case=Acc|Numb=Plur
tamen,tamen,ADV,Deg=Pos
quicquid,qvisqvis,PROrel,Case=Nom|Numb=Sing
illud,ille,PROdem,Case=Nom|Numb=Sing
est,svm,VER,Numb=Sing|Mood=Ind|Tense=Pres|Voice=Act|Person=3
quod,qvi,PROrel,Case=Nom|Numb=Sing
ad,ad,PRE,MORPH=empty
me,ego,PROper,Case=Acc|Numb=Sing
ferebatur,fero,VER,Numb=Sing|Mood=Ind|Tense=Impa|Voice=Pass|Person=3
ad,ad,PRE,MORPH=empty
illum,ille,PROdem,Case=Acc|Numb=Sing
perferatur,perfero,VER,Numb=Sing|Mood=Ind|Tense=Pres|Voice=Pass|Person=3
.,vnvs,ADJcar,Case=Acc|Numb=Sing
ipse,ipse,PROdem,Case=Nom|Numb=Sing
me,ego,PROper,Case=Acc|Numb=Sing
aut,avt,CONcoo,MORPH=empty
consulat,consvlo,VER,Numb=Sing|Mood=Ind|Tense=Pres|Voice=Act|Person=3
si,si,CONsub,MORPH=empty
forte,forte,ADV,Deg=Pos
non,non,ADVneg,MORPH=empty
inuenit,invenio,VER,Numb=Sing|Mood=Ind|Tense=Perf|Voice=Act|Person=3
quod,qvi,PROrel,Case=Nom|Numb=Sing
facere,facio,VER,Mood=Inf|Tense=Pres|Voice=Act
debeat,debeo,VER,Numb=Sing|Mood=Sub|Tense=Pres|Voice=Act|Person=3
aut,avt,CONcoo,MORPH=empty
poscat,posco,VER,Numb=Sing|Mood=Sub|Tense=Pres|Voice=Act|Person=3
adiutorem,adivtor,NOM3,Case=Acc|Numb=Sing
quem,qvi,PROrel,Case=Acc|Numb=Sing
nouit,nosco,VER,Numb=Sing|Mood=Ind|Tense=Perf|Voice=Act|Person=3
patrem,pater,NOM3,Case=Acc|Numb=Sing
ut,vt,CONsub,MORPH=empty
et,et,CONcoo,MORPH=empty
uobis,vos,PROper,Case=Dat|Numb=Plur
nihil,nihil,PROind,Case=Ind
desit,desvm,VER,Numb=Sing|Mood=Sub|Tense=Pres|Voice=Act|Person=3
et,et,CONcoo,MORPH=empty
ego,ego,PROper,Case=Nom|Numb=Sing
tandem,tandem,ADV,Deg=Pos
aliquando,aliqvando,ADV,Deg=Pos
si,si,CONsub,MORPH=empty
quantulumcum,qvantvlvscvmqve,PROind,Case=Acc|Numb=Sing
-que,qvivis,ADV,MORPH=empty
spatium,spativm,NOM2,Case=Acc|Numb=Sing
mihi,ego,PROper,Case=Dat|Numb=Sing
donauerit,dono,VER,Numb=Sing|Mood=Sub|Tense=Fut|Voice=Act|Person=3
deus,devs,NOM2,Case=Nom|Numb=Sing
ipsam,ipse,PROdem,Case=Acc|Numb=Sing
-que,qvovs,CONcoo,MORPH=empty
meam,mevs,PROpos,Case=Acc|Numb=Sing
quantulamcum,qvantvlamcvm,PROrel,Case=Acc|Numb=Sing
-que,qvovs,ADV,MORPH=empty
uitam,vita,NOM1,Case=Acc|Numb=Sing
non,non,ADVneg,MORPH=empty
dem,do,VER,Numb=Sing|Mood=Sub|Tense=Pres|Voice=Act|Person=1
segnitiae,segnitia,NOM1,Case=Gen|Numb=Sing
nec,nec,CONcoo,MORPH=empty
donem,dono,NOM3,Numb=Sing
inertiae,inertia,NOM1,Case=Gen|Numb=Sing
sed,sed,CONcoo,MORPH=empty
in,in,PRE,MORPH=empty
sanctis,sanctvs,ADJqua,Case=Abl|Numb=Plur|Deg=Pos
scripturis,scriptvra,NOM1,Case=Abl|Numb=Plur
quantum,qvantvm,PROrel,Case=Acc|Numb=Sing
ipse,ipse,PROdem,Case=Nom|Numb=Sing
permittit,permitto,VER,Numb=Sing|Mood=Ind|Tense=Pres|Voice=Act|Person=3
et,et,CONcoo,MORPH=empty
largitur,largior,VER,Numb=Sing|Mood=Ind|Tense=Pres|Voice=Dep|Person=3
exerceam,exerceo,VER,Numb=Sing|Mood=Sub|Tense=Fut|Voice=Act|Person=1
.,vnvs,ADJcar,Case=Acc|Numb=Plur
hoc,hic,PROdem,Case=Nom|Numb=Sing
et,et,ADV,MORPH=empty
ipsi,ipse,PROdem,Case=Dat|Numb=Sing
proderit,prosvm,VER,Numb=Sing|Mood=Ind|Tense=Fut|Voice=Act|Person=3
et,et,CONcoo,MORPH=empty
per,per,PRE,MORPH=empty
illum,ille,PROdem,Case=Acc|Numb=Sing
etiam,etiam,ADV,Deg=Pos
uobis,vos,PROper,Case=Dat|Numb=Plur
.,vnvs,ADJcar,Case=Acc|Numb=Plur
nemo,nemo,PROind,Case=Nom|Numb=Sing
ergo,ergo,CONcoo,MORPH=empty
inuideat,invideo,VER,Numb=Sing|Mood=Sub|Tense=Pres|Voice=Act|Person=3
otio,otivm,NOM2,Case=Dat|Numb=Sing
meo,mevs,PROpos,Case=Dat|Numb=Sing
quia,qvia,CONsub,MORPH=empty
meum,mevs,PROpos,Case=Acc|Numb=Sing
otium,otivm,NOM2,Case=Acc|Numb=Sing
magnum,magnvs,ADJqua,Case=Acc|Numb=Sing|Deg=Pos
habet,habeo,VER,Numb=Sing|Mood=Ind|Tense=Pres|Voice=Act|Person=3
negotium,negotivm,NOM2,Case=Nom|Numb=Sing
.,vnvs,ADJcar,Case=Gen|Numb=Sing
uideo,video,VER,Numb=Sing|Mood=Ind|Tense=Pres|Voice=Act|Person=1
me,ego,PROper,Case=Acc|Numb=Sing
de,de,PRE,MORPH=empty
hac,hic,PROdem,Case=Abl|Numb=Sing
re,res,NOM5,Case=Abl|Numb=Sing
propter,propter,PRE,MORPH=empty
quam,qvi,PROrel,Case=Acc|Numb=Sing
uos,vos,PROper,Case=Acc|Numb=Plur
inuitaui,invito,VER,Numb=Sing|Mood=Ind|Tense=Perf|Voice=Act|Person=1
omnia,omnis,PROind,Case=Acc|Numb=Plur
uobiscum,vobiscvm,ADJqua,Case=Gen|Numb=Plur|Deg=Pos
egisse,ago,VER,Mood=Inf|Tense=Perf|Voice=Act
quae,qvi,PROrel,Case=Acc|Numb=Plur
debui,debeo,VER,Numb=Sing|Mood=Ind|Tense=Perf|Voice=Act|Person=1
.,vnvs,ADJcar,Case=Ind|Numb=Plur
hoc,hic,PROdem,Case=Acc|Numb=Sing
ad,ad,PRE,MORPH=empty
ultimum,vltimvm,NOM2,Case=Acc|Numb=Sing|Deg=Pos
rogo,rogo,VER,Numb=Sing|Mood=Ind|Tense=Pres|Voice=Act|Person=1
ut,vt,ADVrel,MORPH=empty
gestis,gero,VER,Case=Abl|Numb=Plur|Mood=Par|Tense=Perf|Voice=Pass
istis,iste,PROdem,Case=Dat|Numb=Plur
dignemini,digno,VER,Case=Dat|Numb=Plur|Mood=Imp|Tense=Pres|Voice=Dep|Person=2
subscribere,svbscribo,VER,Mood=Inf|Tense=Pres|Voice=Act
qui,qvi,PROrel,Case=Nom|Numb=Plur
potestis,possvm,VER,Numb=Plur|Mood=Ind|Tense=Pres|Voice=Act|Person=2
.,pes,ADJcar,Case=Acc|Numb=Plur
hic,hic,PROdem,Numb=Sing
responsione,responsio,NOM3,Case=Abl|Numb=Sing
uestra,vester,PROpos,Case=Abl|Numb=Sing
opus,opvs,NOM6,Case=Ind
est,svm,VER,Numb=Sing|Mood=Ind|Tense=Pres|Voice=Act|Person=3
;,o,PRE,MORPH=empty
teneam,teneo,VER,Numb=Sing|Mood=Sub|Tense=Pres|Voice=Act|Person=1
responsionem,responsio,NOM3,Case=Acc|Numb=Sing
uestram,vester,PROpos,Case=Acc|Numb=Sing
de,de,PRE,MORPH=empty
hac,hic,PROdem,Case=Abl|Numb=Sing
assensione,assensio,NOM3,Case=Abl|Numb=Sing
aliquid,aliqvis,PROind,Case=Acc|Numb=Sing
adclamate,acclamo,VER,Numb=Plur|Mood=Imp|Tense=Pres|Voice=Act|Person=2
,,PRE,MORPH=empty
.,vnvs,ADJcar,Case=Acc|Numb=Plur
a,ab,PRE,MORPH=empty
populo,popvlvs,NOM2,Case=Abl|Numb=Sing
adclamatum,acclamo,VER,Case=Nom|Numb=Sing|Mood=Par|Tense=Perf|Voice=Pass
est,svm,VER,Numb=Sing|Mood=Ind|Tense=Pres|Voice=Act|Person=3
Fiat,fiat,CONsub,Numb=Sing
fiat,fio,VER,Numb=Sing|Mood=Sub|Tense=Pres|Voice=Act|Person=3
dictum,dictvm,NOM2,Case=Nom|Numb=Sing
est,svm,VER,Numb=Sing|Mood=Ind|Tense=Pres|Voice=Act|Person=3
uicies,viciens,ADJadv.mul,MORPH=empty
quinquies,qvinqviens,ADJadv.mul,MORPH=empty
;,o,PRE,MORPH=empty
dignum,dignvs,ADJqua,Case=Acc|Numb=Sing|Deg=Pos
et,et,CONcoo,MORPH=empty
iustum,ivstvs,ADJqua,Case=Nom|Numb=Sing|Deg=Pos
est,svm,VER,Numb=Sing|Mood=Ind|Tense=Pres|Voice=Act|Person=3
dictum,dictvm,NOM2,Case=Nom|Numb=Sing
est,svm,VER,Numb=Sing|Mood=Ind|Tense=Pres|Voice=Act|Person=3
uicies,viciens,ADJadv.mul,MORPH=empty
octies,octiens,ADJqua,Deg=Pos
;,o,PRE,MORPH=empty
fiat,fio,VER,Numb=Sing|Mood=Sub|Tense=Pres|Voice=Act|Person=3
fiat,fio,VER,Numb=Sing|Mood=Sub|Tense=Pres|Voice=Act|Person=3
dictum,dictvm,NOM2,Case=Nom|Numb=Sing
est,svm,VER,Numb=Sing|Mood=Ind|Tense=Pres|Voice=Act|Person=3
quater,qvater,ADJadv.mul,MORPH=empty
decies,deciens,ADJadv.mul,MORPH=empty
;,o,INJ,MORPH=empty
olim,olim,ADV,Deg=Pos
dignus,dignvs,ADJqua,Case=Nom|Numb=Sing|Deg=Pos
olim,olim,ADV,Deg=Pos
meritus,mereor,VER,Case=Nom|Numb=Sing|Tense=Perf|Voice=Dep
dictum,dico,VER,Numb=Sing|Mood=Ind|Tense=Perf|Voice=Pass|Person=3
uicies,viciens,ADJadv.mul,MORPH=empty
quinquies,qvinqviens,ADJadv.mul,MORPH=empty
;,,PRE,MORPH=empty
iudicio,ivdicivm,NOM2,Case=Abl|Numb=Sing
tuo,tvvs,PROpos,Case=Abl|Numb=Sing
gratias,gratia,NOM1,Case=Acc|Numb=Plur
agimus,ago,VER,Numb=Plur|Mood=Ind|Tense=Pres|Voice=Act|Person=1
dictum,dico,VER,Case=Acc|Numb=Sing|Mood=Ind|Tense=Perf|Voice=Pass
tredecies,tredecies,ADJadv.mul,Numb=Sing
;,o,PRE,MORPH=empty
exaudi,exavdio,VER,Mood=Inf|Tense=Pres|Voice=Pass
Christe,christe,NOM2,Case=Voc|Numb=Sing
Eraclium,eraclivs,NOM2,Case=Nom|Numb=Sing
conserua,conservo,VER,Case=Nom|Numb=Sing|Voice=Act
dictum,dictvm,NOM2,Case=Nom|Numb=Sing
est,svm,VER,Numb=Sing|Mood=Ind|Tense=Pres|Voice=Act|Person=3
octies,octiens,ADJqua,Deg=Pos
decies,deciens,ADJadv.mul,MORPH=empty
.,qvintvs,ADJcar,Case=Acc|Numb=Plur
Cumque,cvmqve,NOM2,Case=Voc|Numb=Sing
reticeretur,reticeo,VER,Numb=Sing|Mood=Sub|Tense=Impa|Voice=Pass|Person=3
Augustinus,avgvstinvs,NOM2,Case=Nom|Numb=Sing
episcopus,episcopvs,NOM2,Case=Nom|Numb=Sing
dixit,dico,VER,Numb=Sing|Mood=Ind|Tense=Perf|Voice=Act|Person=3
Bene,bene,NOM2,Case=Acc|Numb=Sing
habet,habeo,VER,Numb=Sing|Mood=Ind|Tense=Pres|Voice=Act|Person=3
ut,vt,CONsub,MORPH=empty
ea,is,PROdem,Case=Acc|Numb=Plur
quae,qvi,PROrel,Case=Nom|Numb=Plur
dei,devs,NOM2,Case=Nom|Numb=Plur
sunt,svm,VER,Numb=Plur|Mood=Ind|Tense=Pres|Voice=Act|Person=3
circa,circa,PRE,MORPH=empty
sacrificium,sacrificivm,NOM2,Case=Acc|Numb=Sing
eius,is,PROdem,Case=Gen|Numb=Sing
agere,ago,VER,Mood=Inf|Tense=Pres|Voice=Act
ualeamus,valeo,VER,Numb=Plur|Mood=Sub|Tense=Pres|Voice=Act|Person=1
.,qvintvs,ADJcar,Case=Acc|Numb=Plur
in,in,PRE,MORPH=empty
qua,qvi,PROrel,Case=Abl|Numb=Sing
hora,hora,NOM1,Case=Abl|Numb=Sing
supplicationis,svpplicatio,NOM3,Case=Gen|Numb=Sing
nostrae,noster,PROpos,Case=Gen|Numb=Sing
maxime,magis,ADV,Deg=Sup
commendo,commendo,VER,Numb=Sing|Mood=Ind|Tense=Pres|Voice=Act|Person=1
caritati,caritas,NOM3,Case=Dat|Numb=Sing
uestrae,vester,PROpos,Case=Dat|Numb=Sing
ut,vt,CONsub,MORPH=empty
omnes,omnis,PROind,Case=Acc|Numb=Plur
uestras,vester,PROpos,Case=Acc|Numb=Plur
causas,cavsa,NOM1,Case=Acc|Numb=Plur
et,et,CONcoo,MORPH=empty
negotia,negotivm,NOM2,Case=Acc|Numb=Plur
intermittatis,intermitto,VER,Numb=Plur|Mood=Sub|Tense=Pres|Voice=Act|Person=2
et,et,CONcoo,MORPH=empty
pro,pro,PRE,MORPH=empty
ista,iste,PROdem,Case=Abl|Numb=Plur
ecclesia,ecclesivs,ADJqua,Case=Acc|Numb=Plur|Deg=Pos
et,et,CONcoo,MORPH=empty
pro,pro,PRE,MORPH=empty
me,ego,PROper,Case=Abl|Numb=Sing
et,et,CONcoo,MORPH=empty
pro,pro,PRE,MORPH=empty
Eraclio,eraclivs,NOM2,Case=Abl|Numb=Sing
presbytero,presbyter,VER,Case=Abl|Numb=Sing|Tense=Pres|Voice=Act
domino,dominvs,NOM2,Case=Abl|Numb=Sing
precem,prex,NOM3,Case=Acc|Numb=Sing
fundatis,fvndo,VER,Numb=Plur|Mood=Ind|Tense=Pres|Voice=Act|Person=2
.,vnvs,ADJcar,Case=Acc|Numb=Plur
