form	lemma	POS	morph	treated_token
Mirabilia	mirabilis	ADJqua	Case=Nom|Numb=Plur|Deg=Pos	mirabilia
testimonia	testimonium	NOMcom	Case=Nom|Numb=Plur	testimonia
tua	tuus	PROpos	Case=Acc|Numb=Plur	tua
domi	domus	NOMcom	Case=Loc|Numb=Sing	domi
-ne	ne2	CONcoo	MORPH=empty	-ne
et	et2	CONcoo	MORPH=empty	et
reliqua	reliquus	ADJqua	Case=Nom|Numb=Plur|Deg=Pos	reliqua
.	.	PUNC	MORPH=empty	.
Natura	natura	NOMcom	Case=Nom|Numb=Sing	natura
humani	humanus	ADJqua	Case=Gen|Numb=Sing|Deg=Pos	humani
sensus	sensus	NOMcom	Case=Gen|Numb=Sing	sensus
ea	is	PROdem	Case=Nom|Numb=Sing	ea
est	sum1	VER	Numb=Sing|Mood=Ind|Tense=Pres|Voice=Act|Person=3	est
ut	ut4	CONsub	MORPH=empty	ut
ea	is	PROdem	Case=Acc|Numb=Plur	ea
mirabilia	mirabilis	ADJqua	Case=Acc|Numb=Plur|Deg=Pos	mirabilia
habeat	habeo	VER	Numb=Sing|Mood=Sub|Tense=Pres|Voice=Act|Person=3	habeat
quae	qui1	PROrel	Case=Acc|Numb=Plur	quae
ante	ante1	ADV	Deg=Pos	ante
conpererit	comperio	VER	Numb=Sing|Mood=Sub|Tense=Perf|Voice=Act|Person=3	conpererit
.	.	PUNC	MORPH=empty	.
ex	ex	PRE	MORPH=empty	ex
conpertis	comperio	NOMcom	Case=Abl|Numb=Plur	conpertis
enim	enim2	CONcoo	MORPH=empty	enim
iudicium	iudicium	NOMcom	Case=Acc|Numb=Sing	iudicium
admirationis	admiratio	NOMcom	Case=Gen|Numb=Sing	admirationis
exsistit	exsisto	VER	Numb=Sing|Mood=Ind|Tense=Pres|Voice=Act|Person=3	exsistit
.	.	PUNC	MORPH=empty	.
ceterum	ceterum2	ADV	Deg=Pos	ceterum
nemo	nemo	PROind	Case=Nom|Numb=Sing	nemo
poterit	possum1	VER	Numb=Sing|Mood=Ind|Tense=Fut|Voice=Act|Person=3	poterit
ignorata	ignoro	VER	Case=Acc|Numb=Plur|Mood=Par|Tense=Perf|Voice=Pass	ignorata
mirari	miror	VER	Mood=Inf|Tense=Pres|Voice=Dep	mirari
.	.	PUNC	MORPH=empty	.
haec	hic1	PROdem	Case=Nom|Numb=Plur	haec
idcirco	idcirco	ADV	Deg=Pos	idcirco
antea	antea	ADV	Deg=Pos	antea
commemorata	commemoro	VER	Case=Nom|Numb=Plur|Mood=Ind|Tense=Perf|Voice=Pass	commemorata
sunt	sum1	VER	Numb=Plur|Mood=Ind|Tense=Pres|Voice=Act|Person=3	sunt
ut	ut4	CONsub	MORPH=empty	ut
diligentius	diligenter	ADV	Deg=Comp	diligentius
dicti	dico?	VER	Case=Gen|Numb=Plur|Mood=Par|Tense=Perf|Voice=Pass	dicti
prophetici	propheticus	NOMcom	Case=Nom|Numb=Sing	prophetici
ratio	ratio	NOMcom	Case=Nom|Numb=Sing	ratio
quaereretur	quaero	VER	Numb=Sing|Mood=Sub|Tense=Impa|Voice=Pass|Person=3	quaereretur
.	.	PUNC	MORPH=empty	.
contra	contra2	PRE	MORPH=empty	contra
opinionem	opinio	NOMcom	Case=Acc|Numb=Sing	opinionem
enim	enim2	CONcoo	MORPH=empty	enim
generalis	generalis	ADJqua	Case=Acc|Numb=Sing|Deg=Pos	generalis
sensus	sensus	NOMcom	Case=Acc|Numb=Plur	sensus
dixisse	dico?	VER	Mood=Inf|Tense=Perf|Voice=Act	dixisse
haec	hic1	PROdem	Case=Acc|Numb=Plur	haec
existimatur	existimo	VER	Numb=Sing|Mood=Ind|Tense=Pres|Voice=Pass|Person=3	existimatur
mirabilia	mirabilis	ADJqua	Case=Nom|Numb=Plur|Deg=Pos	mirabilia
testimonia	testimonium	NOMcom	Case=Nom|Numb=Plur	testimonia
tua	tuus	PROpos	Case=Acc|Numb=Plur	tua
;	;	PUNC	MORPH=empty	;
ideo	ideo	ADV	Deg=Pos	ideo
scrutata	scrutor	VER	Case=Nom|Numb=Sing|Mood=Ind|Tense=Perf|Voice=Dep	scrutata
est	sum1	VER	Numb=Sing|Mood=Ind|Tense=Pres|Voice=Act|Person=3	est
anima	anima	NOMcom	Case=Nom|Numb=Sing	anima
mea	meus	PROpos	Case=Nom|Numb=Sing	mea
.	.	PUNC	MORPH=empty	.
nam	nam	CONcoo	MORPH=empty	nam
cum	cum3	CONsub	MORPH=empty	cum
prius	prius	ADJadv.ord	Deg=Comp	prius
secundum	secundum2	PRE	MORPH=empty	secundum
humanam	humanus	ADJqua	Case=Acc|Numb=Sing|Deg=Pos	humanam
consuetudinem	consuetudo	NOMcom	Case=Acc|Numb=Sing	consuetudinem
oporteat	oportet	VER	Numb=Sing|Mood=Sub|Tense=Pres|Voice=Act|Person=3	oporteat
perscrutari	perscrutor	VER	Mood=Inf|Tense=Pres|Voice=Dep	perscrutari
et	et2	CONcoo	MORPH=empty	et
reperire	reperio	VER	Mood=Inf|Tense=Pres|Voice=Act	reperire
et	et2	CONcoo	MORPH=empty	et
reperta	reperio	VER	Case=Acc|Numb=Plur|Mood=Par|Tense=Perf|Voice=Pass	reperta
mirari	miror	VER	Mood=Inf|Tense=Pres|Voice=Dep	mirari
huic	hic1	PROdem	Case=Dat|Numb=Sing	huic
testimonia	testimonium	NOMcom	Case=Nom|Numb=Plur	testimonia
domini	dominus	NOMcom	Case=Gen|Numb=Sing	domini
ante	ante1	ADV	Deg=Pos	ante
admirabilia	admirabilis	ADJqua	Case=Acc|Numb=Plur|Deg=Pos	admirabilia
sunt	sum1	VER	Numb=Plur|Mood=Ind|Tense=Pres|Voice=Act|Person=3	sunt
et	et2	CONcoo	MORPH=empty	et
ob	ob	PRE	MORPH=empty	ob
id	is	PROdem	Case=Acc|Numb=Sing	id
perscrutatio	perscrutatio	NOMcom	Case=Nom|Numb=Sing	perscrutatio
-ne	ne2	CONcoo	MORPH=empty	-ne
sunt	sum1	VER	Numb=Plur|Mood=Ind|Tense=Pres|Voice=Act|Person=3	sunt
digna	dignus	ADJqua	Case=Nom|Numb=Plur|Deg=Pos	digna
.	.	PUNC	MORPH=empty	.
dicti	dico?	VER	Case=Nom|Numb=Plur|Tense=Perf|Voice=Pass	dicti
autem	autem	CONcoo	MORPH=empty	autem
huius	hic1	PROdem	Case=Gen|Numb=Sing	huius
perfecti	perfectus2	ADJqua	Case=Gen|Numb=Sing|Deg=Pos	perfecti
et	et2	CONcoo	MORPH=empty	et
pulcherrimi	pulcher	ADJqua	Case=Gen|Numb=Sing|Deg=Sup	pulcherrimi
ea	is	PROdem	Case=Nom|Numb=Sing	ea
ratio	ratio	NOMcom	Case=Nom|Numb=Sing	ratio
est	sum1	VER	Numb=Sing|Mood=Ind|Tense=Pres|Voice=Act|Person=3	est
testimonia	testimonium	NOMcom	Case=Nom|Numb=Plur	testimonia
etenim	etenim	CONcoo	MORPH=empty	etenim
dei	deus	NOMcom	Case=Gen|Numb=Sing	dei
id	is	PROdem	Case=Nom|Numb=Sing	id
est	sum1	VER	Numb=Sing|Mood=Ind|Tense=Pres|Voice=Act|Person=3	est
ea	is	PROdem	Case=Nom|Numb=Plur	ea
quae	qui1	PROrel	Case=Nom|Numb=Plur	quae
sub	sub	PRE	MORPH=empty	sub
testibus	testis?	NOMcom	Case=Abl|Numb=Plur	testibus
scripta	scribo	VER	Case=Nom|Numb=Plur|Voice=Pass	scripta
sunt	sum1	VER	Numb=Plur|Mood=Ind|Tense=Pres|Voice=Act|Person=3	sunt
etiamsi	etiamsi	CONsub	MORPH=empty	etiamsi
per	per	PRE	MORPH=empty	per
obseruantiam	obseruantia	NOMcom	Case=Acc|Numb=Sing	obseruantiam
legis	lex	NOMcom	Case=Gen|Numb=Sing	legis
humanam	humanus	ADJqua	Case=Acc|Numb=Sing|Deg=Pos	humanam
infirmitatem	infirmitas	NOMcom	Case=Acc|Numb=Sing	infirmitatem
ad	ad2	PRE	MORPH=empty	ad
cognitionem	cognitio	NOMcom	Case=Acc|Numb=Sing	cognitionem
et	et2	CONcoo	MORPH=empty	et
famulatum	famulatus	NOMcom	Case=Acc|Numb=Sing	famulatum
dei	deus	NOMcom	Case=Gen|Numb=Plur	dei
inbuant	imbuo	VER	Numb=Plur|Mood=Sub|Tense=Pres|Voice=Act|Person=3	inbuant
quippe	quippe2	CONcoo	MORPH=empty	quippe
ubi	ubi3	CONsub	MORPH=empty	ubi
castitas	castitas	NOMcom	Case=Nom|Numb=Sing	castitas
pietas	pietas	NOMcom	Case=Nom|Numb=Sing	pietas
pudicitia	pudicitia	NOMcom	Case=Nom|Numb=Sing	pudicitia
caritas	caritas	NOMcom	Case=Nom|Numb=Sing	caritas
ueritas	ueritas	NOMcom	Case=Nom|Numb=Sing	ueritas
innocentia	innocentia	NOMcom	Case=Nom|Numb=Sing	innocentia
frugalitas	frugalitas	NOMcom	Case=Nom|Numb=Sing	frugalitas
et	et2	CONcoo	MORPH=empty	et
religio	religio	NOMcom	Case=Nom|Numb=Sing	religio
mandatur	mando?	VER	Numb=Sing|Mood=Ind|Tense=Pres|Voice=Pass|Person=3	mandatur
et	et2	CONcoo	MORPH=empty	et
per	per	PRE	MORPH=empty	per
quasdam	quidam	PROind	Case=Acc|Numb=Plur	quasdam
religionum	religio	NOMcom	Case=Gen|Numb=Plur	religionum
consuetudines	consuetudo	NOMcom	Case=Nom|Numb=Plur	consuetudines
hostiarum	hostia	NOMcom	Case=Gen|Numb=Plur	hostiarum
-que	que	CONcoo	MORPH=empty	-que
diuersitates	diuersitas	NOMcom	Case=Nom|Numb=Plur	diuersitates
diuini	diuinus2	ADJqua	Case=Gen|Numb=Sing|Deg=Pos	diuini
honoris	honor	NOMcom	Case=Gen|Numb=Sing	honoris
officium	officium	NOMcom	Case=Nom|Numb=Sing	officium
praecipitur	praecipio	VER	Numb=Sing|Mood=Ind|Tense=Pres|Voice=Pass|Person=3	praecipitur
in	in	PRE	MORPH=empty	in
quibus	qui1	PROrel	Case=Abl|Numb=Plur	quibus
cum	cum3	CONsub	MORPH=empty	cum
admiratio	admiratio	NOMcom	Case=Nom|Numb=Sing	admiratio
magna	magnus	ADJqua	Case=Nom|Numb=Sing|Deg=Pos	magna
sit	sum1	VER	Numb=Sing|Mood=Sub|Tense=Pres|Voice=Act|Person=3	sit
pro	pro1	PRE	MORPH=empty	pro
peccatis	peccatum	NOMcom	Case=Abl|Numb=Plur	peccatis
oblata	offero	VER	Case=Nom|Numb=Sing|Mood=Par|Tense=Perf|Voice=Pass	oblata
hostia	hostia	NOMcom	Case=Nom|Numb=Sing	hostia
et	et2	CONcoo	MORPH=empty	et
datum	do	VER	Case=Nom|Numb=Sing|Mood=Par|Tense=Perf|Voice=Pass	datum
pro	pro1	PRE	MORPH=empty	pro
redemptio	redemptio	NOMcom	Case=Abl|Numb=Sing	redemptio
-ne	ne2	CONcoo	MORPH=empty	-ne
animse	animse	ADV	Deg=Pos	animse
munus	munus	NOMcom	Case=Nom|Numb=Sing	munus
et	et2	CONcoo	MORPH=empty	et
agnus	agnus	NOMcom	Case=Nom|Numb=Sing	agnus
in	in	PRE	MORPH=empty	in
sacramento	sacramentum	NOMcom	Case=Abl|Numb=Sing	sacramento
paschae	pascha	NOMcom	Case=Gen|Numb=Sing	paschae
occisus	occido?	VER	Case=Nom|Numb=Sing|Mood=Par|Tense=Perf|Voice=Pass	occisus
tamen	tamen	ADV	Deg=Pos	tamen
in	in	PRE	MORPH=empty	in
his	hic1	PROdem	Case=Abl|Numb=Plur	his
plus	multum2	ADV	Deg=Comp	plus
ex	ex	PRE	MORPH=empty	ex
futurorum	futurum	NOMcom	Case=Gen|Numb=Plur	futurorum
spe	spes	NOMcom	Case=Abl|Numb=Sing	spe
atque	atque1	CONcoo	MORPH=empty	atque
doctrina	doctrina	NOMcom	Case=Abl|Numb=Sing	doctrina
admirationis	admiratio	NOMcom	Case=Gen|Numb=Sing	admirationis
continetur	contineo	VER	Numb=Sing|Mood=Ind|Tense=Pres|Voice=Pass|Person=3	continetur
.	.	PUNC	MORPH=empty	.
haec	hic1	PROdem	Case=Nom|Numb=Plur	haec
itaque	itaque	CONcoo	MORPH=empty	itaque
prophetae	prophetus	ADJqua	Case=Nom|Numb=Plur|Deg=Pos	prophetae
huic	hic1	PROdem	Case=Dat|Numb=Sing	huic
admirabilia	admirabilis	ADJqua	Case=Nom|Numb=Plur|Deg=Pos	admirabilia
sunt	sum1	VER	Numb=Plur|Mood=Ind|Tense=Pres|Voice=Act|Person=3	sunt
.	.	PUNC	MORPH=empty	.
sed	sed	CONcoo	MORPH=empty	sed
quia	quia	CONsub	MORPH=empty	quia
per	per	PRE	MORPH=empty	per
praesentem	praesens	ADJqua	Case=Acc|Numb=Sing|Deg=Pos	praesentem
admirationem	admiratio	NOMcom	Case=Acc|Numb=Sing	admirationem
futurorum	futurum	NOMcom	Case=Gen|Numb=Plur	futurorum
atque	atque1	CONcoo	MORPH=empty	atque
aeternorum	aeternus	ADJqua	Case=Gen|Numb=Plur|Deg=Pos	aeternorum
bonorum	bonum	NOMcom	Case=Gen|Numb=Plur	bonorum
exemplaribus	exemplar	NOMcom	Case=Dat|Numb=Plur	exemplaribus
admirabilia	admirabilis	ADJqua	Case=Nom|Numb=Plur|Deg=Pos	admirabilia
sunt	sum1	VER	Numb=Plur|Mood=Ind|Tense=Pres|Voice=Act|Person=3	sunt
perscrutatur	perscrutor	VER	Numb=Sing|Mood=Ind|Tense=Pres|Voice=Dep|Person=3	perscrutatur
ea	is	PROdem	Case=Nom|Numb=Sing	ea
.	.	PUNC	MORPH=empty	.
non	non	ADVneg	MORPH=empty	non
inquirit	inquiro	VER	Numb=Sing|Mood=Ind|Tense=Pres|Voice=Act|Person=3	inquirit
tantummodo	tantummodo	ADV	Deg=Pos	tantummodo
in	in	PRE	MORPH=empty	in
quo	qui1	PROrel	Case=Abl|Numb=Sing	quo
est	sum1	VER	Numb=Sing|Mood=Ind|Tense=Pres|Voice=Act|Person=3	est
rerum	res	NOMcom	Case=Gen|Numb=Plur	rerum
absconditarum	absconditus	ADJqua	Case=Gen|Numb=Plur|Deg=Pos	absconditarum
diligens	diligens	ADJqua	Case=Nom|Numb=Sing|Deg=Pos	diligens
exquisitio	exquisitio	NOMcom	Case=Nom|Numb=Sing	exquisitio
;	;	PUNC	MORPH=empty	;
sed	sed	CONcoo	MORPH=empty	sed
perscrutatur	perscrutor	VER	Numb=Sing|Mood=Ind|Tense=Pres|Voice=Dep|Person=3	perscrutatur
etiam	etiam	ADV	Deg=Pos	etiam
per	per	PRE	MORPH=empty	per
adiectionem	adiectio	NOMcom	Case=Acc|Numb=Sing	adiectionem
scilicet	scilicet	ADV	Deg=Pos	scilicet
diligentioris	diligens	ADJqua	Case=Gen|Numb=Sing|Deg=Comp	diligentioris
exquisitionis	exquisitio	NOMcom	Case=Gen|Numb=Sing	exquisitionis
laborem	labor1	NOMcom	Case=Acc|Numb=Sing	laborem
suum	suus	PROpos.ref	Case=Acc|Numb=Sing	suum
in	in	PRE	MORPH=empty	in
perscrutatio	perscrutatio	NOMcom	Case=Abl|Numb=Sing	perscrutatio
-ne	ne2	CONcoo	MORPH=empty	-ne
demonstrans	demonstro	VER	Case=Nom|Numb=Sing|Mood=Par|Tense=Pres|Voice=Act	demonstrans
.	.	PUNC	MORPH=empty	.
neque	neque	CONcoo	MORPH=empty	neque
tantummodo	tantummodo	ADV	Deg=Pos	tantummodo
perscrutatur	perscrutor	VER	Numb=Sing|Mood=Ind|Tense=Pres|Voice=Dep|Person=3	perscrutatur
sed	sed	CONcoo	MORPH=empty	sed
perscrutatur	perscrutor	VER	Numb=Sing|Mood=Ind|Tense=Pres|Voice=Dep|Person=3	perscrutatur
ex	ex	PRE	MORPH=empty	ex
anima	anima	NOMcom	Case=Abl|Numb=Sing	anima
ad	ad2	PRE	MORPH=empty	ad
uoluntatis	uoluntas	NOMcom	Case=Gen|Numb=Sing	uoluntatis
officium	officium	NOMcom	Case=Acc|Numb=Sing	officium
animae	anima	NOMcom	Case=Gen|Numb=Sing	animae
intentio	intentio	NOMcom	Case=Nom|Numb=Sing	intentio
-ne	ne2	CONcoo	MORPH=empty	-ne
sociata	socio	VER	Numb=Sing|Mood=Ind|Tense=Perf|Voice=Pass|Person=3	sociata
.	.	PUNC	MORPH=empty	.
Sequitur	sequor	VER	Numb=Sing|Mood=Ind|Tense=Pres|Voice=Dep|Person=3	sequitur
deinde	deinde	ADV	Deg=Pos	deinde
declaratio	declaratio	NOMcom	Case=Nom|Numb=Sing	declaratio
sermonum	sermo	NOMcom	Case=Gen|Numb=Plur	sermonum
tuorum	tuus	PROpos	Case=Gen|Numb=Plur	tuorum
inluminat	illumino	VER	Numb=Sing|Mood=Ind|Tense=Pres|Voice=Act|Person=3	inluminat
et	et2	CONcoo	MORPH=empty	et
intellectum	intellectus	NOMcom	Case=Acc|Numb=Sing	intellectum
dat	do	VER	Numb=Sing|Mood=Ind|Tense=Pres|Voice=Act|Person=3	dat
paruulis	paruulus	ADJqua	Case=Dat|Numb=Plur|Deg=Pos	paruulis
.	.	PUNC	MORPH=empty	.
et	et2	CONcoo	MORPH=empty	et
hic	hic1	PROdem	Case=Nom|Numb=Sing|Deg=Pos	hic
quoque	quoque	ADV	Deg=Pos	quoque
sermo	sermo	NOMcom	Case=Nom|Numb=Sing	sermo
forte	forte	ADV	Deg=Pos	forte
uidetur	uideo	VER	Numb=Sing|Mood=Ind|Tense=Pres|Voice=Pass|Person=3	uidetur
a	ab	PRE	MORPH=empty	a
naturae	natura	NOMcom	Case=Gen|Numb=Sing	naturae
nostrae	noster	PROpos	Case=Gen|Numb=Sing	nostrae
consuetudi	consuetudo	VER	Case=Nom|Numb=Sing|Deg=Pos	consuetudi
-ne	ne2	CONcoo	MORPH=empty	-ne
esse	sum1	VER	Mood=Inf|Tense=Pres|Voice=Act	esse
diuersus	diuersus	ADJqua	Case=Nom|Numb=Sing|Deg=Pos	diuersus
.	.	PUNC	MORPH=empty	.
cum	cum3	CONsub	MORPH=empty	cum
enim	enim2	CONcoo	MORPH=empty	enim
ante	ante1	ADV	Deg=Pos	ante
intellegendum	intelligo	VER	Case=Nom|Numb=Sing|Mood=Adj|Voice=Pass	intellegendum
sit	sum1	VER	Numb=Sing|Mood=Sub|Tense=Pres|Voice=Act|Person=3	sit
et	et2	CONcoo	MORPH=empty	et
sic	sic	ADV	Deg=Pos	sic
lumine	lumen	NOMcom	Case=Abl|Numb=Sing	lumine
intellegentise	intelligente	ADJqua	Deg=Pos	intellegentise
utendum	utor	VER	Case=Nom|Numb=Sing|Mood=Adj|Voice=Dep	utendum
quia	quia	CONsub	MORPH=empty	quia
noctem	nox	NOMcom	Case=Acc|Numb=Sing	noctem
ignorantiae	ignorantia	NOMcom	Case=Gen|Numb=Sing	ignorantiae
intellegentiae	intelligentia	NOMcom	Case=Gen|Numb=Sing	intellegentiae
adeptae	adipiscor	VER	Case=Gen|Numb=Sing|Mood=Par|Tense=Perf|Voice=Dep	adeptae
lumen	lumen	NOMcom	Case=Acc|Numb=Sing	lumen
apellat	apello	VER	Numb=Sing|Mood=Sub|Tense=Pres|Voice=Act|Person=3	apellat
propheta	prophetus	VER	Case=Nom|Numb=Sing	propheta
tamen	tamen	ADV	Deg=Pos	tamen
dicit	dico?	VER	Numb=Sing|Mood=Ind|Tense=Pres|Voice=Act|Person=3	dicit
declarationem	declaratio	NOMcom	Case=Acc|Numb=Sing	declarationem
uerborum	uerbum	NOMcom	Case=Gen|Numb=Plur	uerborum
dei	deus	NOMcom	Case=Gen|Numb=Sing	dei
prius	prius	ADJadv.ord	Deg=Comp	prius
inluminare	illumino	VER	Mood=Inf|Tense=Pres|Voice=Act	inluminare
et	et2	CONcoo	MORPH=empty	et
post	post2	PRE	MORPH=empty	post
inluminationem	illuminatio	NOMcom	Case=Acc|Numb=Sing	inluminationem
intellegentiam	intelligentia	NOMcom	Case=Acc|Numb=Sing	intellegentiam
praestare	praesto1	VER	Mood=Inf|Tense=Pres|Voice=Act	praestare
.	.	PUNC	MORPH=empty	.
sed	sed	CONcoo	MORPH=empty	sed
quse	quis1	PROint	Case=Nom|Numb=Sing	quse
sint	sum1	VER	Numb=Plur|Mood=Sub|Tense=Pres|Voice=Act|Person=3	sint
dei	deus	NOMcom	Case=Gen|Numb=Plur	dei
uerba	uerbum	NOMcom	Case=Nom|Numb=Plur	uerba
ante	ante1	ADV	Deg=Pos	ante
discendum	disco	VER	Case=Nom|Numb=Sing|Mood=Adj|Voice=Pass	discendum
est	sum1	VER	Numb=Sing|Mood=Ind|Tense=Pres|Voice=Act|Person=3	est
;	;	PUNC	MORPH=empty	;
et	et2	CONcoo	MORPH=empty	et
tunc	tunc	ADV	Deg=Pos	tunc
inluminationis	illuminatio	NOMcom	Case=Gen|Numb=Sing	inluminationis
ac	ac1	CONcoo	MORPH=empty	ac
postea	postea	ADV	Deg=Pos	postea
intellegentiae	intelligentia	NOMcom	Case=Gen|Numb=Sing	intellegentiae
ratio	ratio	NOMcom	Case=Nom|Numb=Sing	ratio
praestanda	praesto1	VER	Case=Nom|Numb=Sing|Mood=Adj|Voice=Pass	praestanda
est	sum1	VER	Numb=Sing|Mood=Ind|Tense=Pres|Voice=Act|Person=3	est
.	.	PUNC	MORPH=empty	.
uerba	uerbum	NOMcom	Case=Nom|Numb=Plur	uerba
dei	deus	NOMcom	Case=Nom|Numb=Plur	dei
sunt	sum1	VER	Numb=Plur|Mood=Ind|Tense=Pres|Voice=Act|Person=3	sunt
quaecumque	quicumque1	PROrel	Case=Nom|Numb=Plur	quaecumque
prophetae	prophetus	ADJqua	Case=Nom|Numb=Plur|Deg=Pos	prophetae
locuti	loquor	VER	Case=Nom|Numb=Plur|Mood=Par|Tense=Perf|Voice=Dep	locuti
sunt	sum1	VER	Numb=Plur|Mood=Ind|Tense=Pres|Voice=Act|Person=3	sunt
.	.	PUNC	MORPH=empty	.
cum	cum3	CONsub	MORPH=empty	cum
enim	enim2	CONcoo	MORPH=empty	enim
Moyses	moyses	NOMcom	Case=Nom|Numb=Sing	moyses
uerbis	uerbum	NOMcom	Case=Abl|Numb=Plur	uerbis
suis	suus	PROpos.ref	Case=Abl|Numb=Plur	suis
populo	populus?	NOMcom	Case=Dat|Numb=Sing	populo
Hebrseo	hebrieus	VER	Case=Abl|Numb=Sing	hebrseo
legis	lex	NOMcom	Case=Gen|Numb=Sing	legis
obseruantiam	obseruantia	NOMcom	Case=Acc|Numb=Sing	obseruantiam
nuntiauerit	nuntio	VER	Numb=Sing|Mood=Sub|Tense=Perf|Voice=Act|Person=3	nuntiauerit
tamen	tamen	ADV	Deg=Pos	tamen
in	in	PRE	MORPH=empty	in
libro	liber1	NOMcom	Case=Abl|Numb=Sing	libro
eiusdem	idem	PROdem	Case=Gen|Numb=Sing	eiusdem
legis	lex	NOMcom	Case=Gen|Numb=Sing	legis
ita	ita	ADV	Deg=Pos	ita
scriptum	scribo	VER	Case=Nom|Numb=Sing|Mood=Par|Tense=Perf|Voice=Pass	scriptum
est	sum1	VER	Numb=Sing|Mood=Ind|Tense=Pres|Voice=Act|Person=3	est
et	et2	CONcoo	MORPH=empty	et
dixit	dico?	VER	Numb=Sing|Mood=Ind|Tense=Perf|Voice=Act|Person=3	dixit
deus	deus	NOMcom	Case=Nom|Numb=Sing	deus
ad	ad2	PRE	MORPH=empty	ad
Moyse	moyse	NOMcom	Numb=Sing	moyse
-ne	ne2	CONcoo	MORPH=empty	-ne
dic	dico?	VER	Numb=Sing|Mood=Imp|Tense=Pres|Voice=Act|Person=2	dic
filiis	filius	NOMcom	Case=Dat|Numb=Plur	filiis
Israhel	isragel	ADJqua	Case=Nom|Numb=Sing|Deg=Pos	israhel
.	.	PUNC	MORPH=empty	.
usus	usus	NOMcom	Numb=Sing	usus
igitur	igitur	CONcoo	MORPH=empty	igitur
est	sum1	VER	Numb=Sing|Mood=Ind|Tense=Pres|Voice=Act|Person=3	est
his	hic1	PROdem	Case=Abl|Numb=Plur	his
legislator	legislator	NOMcom	Case=Nom|Numb=Sing	legislator
uerbis	uerbum	NOMcom	Case=Abl|Numb=Plur	uerbis
quibus	qui1	PROrel	Case=Abl|Numb=Plur	quibus
ei	is	PROdem	Case=Dat|Numb=Sing	ei
ut	ut4	CONsub	MORPH=empty	ut
uteretur	utor	VER	Numb=Sing|Mood=Sub|Tense=Impa|Voice=Dep|Person=3	uteretur
praeceptum	praeceptum	NOMcom	Case=Nom|Numb=Sing	praeceptum
est	sum1	VER	Numb=Sing|Mood=Ind|Tense=Pres|Voice=Act|Person=3	est
.	.	PUNC	MORPH=empty	.
ergo	ergo2	CONcoo	MORPH=empty	ergo
uerba	uerbum	NOMcom	Case=Nom|Numb=Plur	uerba
dei	deus	NOMcom	Case=Gen|Numb=Plur	dei
sunt	sum1	VER	Numb=Plur|Mood=Ind|Tense=Pres|Voice=Act|Person=3	sunt
quae	qui1	PROrel	Case=Nom|Numb=Plur	quae
per	per	PRE	MORPH=empty	per
officium	officium	NOMcom	Case=Acc|Numb=Sing	officium
licet	licet1	VER	Numb=Sing|Mood=Ind|Tense=Pres|Voice=Act|Person=3	licet
humani	humanus	ADJqua	Case=Gen|Numb=Sing|Deg=Pos	humani
oris	os?	NOMcom	Case=Gen|Numb=Sing	oris
audita	auditum	NOMcom	Case=Nom|Numb=Plur	audita
sunt	sum1	VER	Numb=Plur|Mood=Ind|Tense=Pres|Voice=Act|Person=3	sunt
.	.	PUNC	MORPH=empty	.
sed	sed	CONcoo	MORPH=empty	sed
et	et2	CONcoo	MORPH=empty	et
magnus	magnus	ADJqua	Case=Nom|Numb=Sing|Deg=Pos	magnus
ille	ille	PROdem	Case=Nom|Numb=Sing	ille
propheta	prophetus	ADJqua	Case=Abl|Numb=Sing|Deg=Pos	propheta
ipso	ipse	PROdem	Case=Abl|Numb=Sing	ipso
iudicio	iudicium	NOMcom	Case=Abl|Numb=Sing	iudicio
domini	dominus	NOMcom	Case=Gen|Numb=Sing	domini
nostri	noster	PROpos	Case=Gen|Numb=Sing	nostri
Iesu	iesus	NOMcom	Numb=Sing	iesu
Christi	christis	NOMcom	Case=Gen|Numb=Sing	christi
bene	bene	ADV	Deg=Pos	bene
locutus	loquor	VER	Case=Nom|Numb=Sing|Mood=Par|Tense=Perf|Voice=Dep	locutus
cum	cum3	CONsub	MORPH=empty	cum
dixisset	dico?	VER	Numb=Sing|Mood=Sub|Tense=Pqp|Voice=Act|Person=3	dixisset
audi	audio	VER	Numb=Sing|Mood=Imp|Tense=Pres|Voice=Act|Person=2	audi
caelum	caelum?	NOMcom	Case=Acc|Numb=Sing	caelum
et	et2	CONcoo	MORPH=empty	et
percipe	percipio	VER	Numb=Sing|Mood=Imp|Tense=Pres|Voice=Act|Person=2	percipe
auribus	auris	NOMcom	Case=Dat|Numb=Plur	auribus
terra	terra	NOMcom	Case=Abl|Numb=Sing	terra
ait	aio	VER	Numb=Sing|Mood=Ind|Tense=Pres|Voice=Act|Person=3	ait
quoniam	quoniam	CONsub	MORPH=empty	quoniam
dominus	dominus	NOMcom	Case=Nom|Numb=Sing	dominus
locutus	loquor	VER	Numb=Sing|Mood=Ind|Tense=Perf|Voice=Dep|Person=3	locutus
est	sum1	VER	Numb=Sing|Mood=Ind|Tense=Pres|Voice=Act|Person=3	est
et	et2	CONcoo	MORPH=empty	et
post	post2	PRE	MORPH=empty	post
aliqua	aliquis	PROind	Case=Acc|Numb=Plur	aliqua
quae	qui1	PROrel	Case=Nom|Numb=Plur	quae
querellis	querela	NOMcom	Case=Abl|Numb=Plur	querellis
maximis	magnus	ADJqua	Case=Abl|Numb=Plur|Deg=Sup	maximis
increpabantur	increpo	VER	Numb=Plur|Mood=Ind|Tense=Impa|Voice=Pass|Person=3	increpabantur
dixit	dico?	VER	Numb=Sing|Mood=Ind|Tense=Perf|Voice=Act|Person=3	dixit
os	os?	NOMcom	Case=Acc|Numb=Sing	os
enim	enim2	CONcoo	MORPH=empty	enim
domini	dominus	NOMcom	Case=Gen|Numb=Sing	domini
locutum	loquor	VER	Case=Acc|Numb=Sing|Mood=Inf|Tense=Perf|Voice=Dep	locutum
est	sum1	VER	Numb=Sing|Mood=Ind|Tense=Pres|Voice=Act|Person=3	est
haec	hic1	PROdem	Case=Nom|Numb=Plur	haec
.	.	PUNC	MORPH=empty	.
haec	hic1	PROdem	Case=Nom|Numb=Plur	haec
ergo	ergo2	CONcoo	MORPH=empty	ergo
omnia	omnis	PROind	Case=Nom|Numb=Plur	omnia
dei	deus	NOMcom	Case=Gen|Numb=Sing	dei
uerba	uerbum	NOMcom	Case=Nom|Numb=Plur	uerba
sunt	sum1	VER	Numb=Plur|Mood=Ind|Tense=Pres|Voice=Act|Person=3	sunt
.	.	PUNC	MORPH=empty	.
Sed	sed	CONcoo	MORPH=empty	sed
declaratio	declaratio	NOMcom	Case=Nom|Numb=Sing	declaratio
uerborum	uerbum	NOMcom	Case=Gen|Numb=Plur	uerborum
maxime	magis2	ADV	Deg=Sup	maxime
necessaria	necessarius2	ADJqua	Case=Nom|Numb=Sing|Deg=Pos	necessaria
est	sum1	VER	Numb=Sing|Mood=Ind|Tense=Pres|Voice=Act|Person=3	est
.	.	PUNC	MORPH=empty	.
sunt	sum1	VER	Numb=Plur|Mood=Ind|Tense=Pres|Voice=Act|Person=3	sunt
enim	enim2	CONcoo	MORPH=empty	enim
sub	sub	PRE	MORPH=empty	sub
uelamine	uelamen	NOMcom	Case=Abl|Numb=Sing	uelamine
opinionis	opinio	NOMcom	Case=Gen|Numb=Sing	opinionis
alterius	alter	PROind	Case=Gen|Numb=Sing	alterius
praedicata	praedicatus	ADJqua	Case=Nom|Numb=Plur|Deg=Pos	praedicata
sunt	sum1	VER	Numb=Plur|Mood=Ind|Tense=Pres|Voice=Act|Person=3	sunt
secundum	secundum2	PRE	MORPH=empty	secundum
apostolum	apostolum	NOMcom	Case=Nom|Numb=Sing	apostolum
allegorumena	allegorum	NOMcom	Case=Nom|Numb=Plur	allegorumena
sunt	sum1	VER	Numb=Plur|Mood=Ind|Tense=Pres|Voice=Act|Person=3	sunt
conparatiuis	comparatiuus	ADJqua	Case=Dat|Numb=Plur|Deg=Pos	conparatiuis
significationibus	significatio	NOMcom	Case=Abl|Numb=Plur	significationibus
amphibola	amphibolum	NOMcom	Case=Nom|Numb=Plur	amphibola
.	.	PUNC	MORPH=empty	.
testis	testis?	NOMcom	Case=Nom|Numb=Sing	testis
est	sum1	VER	Numb=Sing|Mood=Ind|Tense=Pres|Voice=Act|Person=3	est
dominus	dominus	NOMcom	Case=Nom|Numb=Sing	dominus
haec	hic1	PROdem	Case=Acc|Numb=Plur	haec
eadem	idem	PROdem	Case=Acc|Numb=Plur	eadem
per	per	PRE	MORPH=empty	per
Esaiam	esaius	NOMcom	Case=Acc|Numb=Sing	esaiam
ita	ita	ADV	Deg=Pos	ita
dicta	dictum	NOMcom	Case=Acc|Numb=Plur	dicta
esse	sum1	VER	Mood=Inf|Tense=Pres|Voice=Act	esse
Iudseis	iusseus	NOMcom	Case=Abl|Numb=Plur	iudseis
infidelibus	infidelis	ADJqua	Case=Abl|Numb=Plur|Deg=Pos	infidelibus
exprobrans	exprobro	VER	Case=Nom|Numb=Sing|Mood=Par|Tense=Pres|Voice=Act	exprobrans
dicens	dico?	VER	Case=Nom|Numb=Sing|Mood=Par|Tense=Pres|Voice=Act	dicens
audita	auditum	VER	Case=Acc|Numb=Plur|Mood=Par|Voice=Pass	audita
audietis	audio	VER	Numb=Plur|Mood=Ind|Tense=Fut|Voice=Act|Person=2	audietis
et	et2	CONcoo	MORPH=empty	et
non	non	ADVneg	MORPH=empty	non
intellegetis	intelligo	VER	Numb=Plur|Mood=Ind|Tense=Fut|Voice=Act|Person=2	intellegetis
.	.	PUNC	MORPH=empty	.
signata	signo	VER	Case=Nom|Numb=Plur|Mood=Ind|Tense=Perf|Voice=Pass|Person=3	signata
enim	enim2	CONcoo	MORPH=empty	enim
omnia	omnis	PROind	Case=Nom|Numb=Plur	omnia
sunt	sum1	VER	Numb=Plur|Mood=Ind|Tense=Pres|Voice=Act|Person=3	sunt
et	et2	CONcoo	MORPH=empty	et
per	per	PRE	MORPH=empty	per
solam	solus	PROind	Case=Acc|Numb=Sing	solam
spiritalem	spiritalis	ADJqua	Case=Acc|Numb=Sing|Deg=Pos	spiritalem
doctrinam	doctrina	NOMcom	Case=Acc|Numb=Sing	doctrinam
resignanda	resigno	VER	Case=Nom|Numb=Plur|Mood=Adj|Voice=Pass	resignanda
.	.	PUNC	MORPH=empty	.
haec	hic1	PROdem	Case=Nom|Numb=Plur	haec
enim	enim2	CONcoo	MORPH=empty	enim
ad	ad2	PRE	MORPH=empty	ad
Danuelum	danuelus	NOMcom	Case=Acc|Numb=Sing	danuelum
desideriorum	desiderius	NOMcom	Case=Gen|Numb=Plur	desideriorum
uirum	uir	NOMcom	Case=Gen|Numb=Sing	uirum
dicta	dictum	NOMcom	Case=Nom|Numb=Plur	dicta
sunt	sum1	VER	Numb=Plur|Mood=Ind|Tense=Pres|Voice=Act|Person=3	sunt
uade	uado2	VER	Numb=Sing|Mood=Imp|Tense=Pres|Voice=Act|Person=2	uade
Daniel	daniel	NOMcom	Case=Nom	daniel
quia	quia	CONsub	MORPH=empty	quia
clausi	claudo?	VER	Case=Nom|Numb=Plur|Mood=Par|Tense=Perf|Voice=Pass	clausi
sunt	sum1	VER	Numb=Plur|Mood=Ind|Tense=Pres|Voice=Act|Person=3	sunt
signati	signo	VER	Case=Nom|Numb=Plur|Mood=Par|Tense=Perf|Voice=Pass	signati
-que	que	CONcoo	MORPH=empty	-que
sermones	sermo	NOMcom	Case=Nom|Numb=Plur	sermones
.	.	PUNC	MORPH=empty	.
ait	aio	VER	Numb=Sing|Mood=Ind|Tense=Pres|Voice=Act|Person=3	ait
etiam	etiam	ADV	Deg=Pos	etiam
Esaias	esaius	VER	Case=Acc|Numb=Plur	esaias
dabitur	do	VER	Numb=Sing|Mood=Ind|Tense=Fut|Voice=Pass|Person=3	dabitur
liber	liber2	ADJqua	Case=Nom|Numb=Sing|Deg=Pos	liber
iste	iste	PROdem	Case=Nom|Numb=Sing	iste
manus	manus1	NOMcom	Case=Acc|Numb=Plur	manus
hominis	homo	NOMcom	Case=Gen|Numb=Sing	hominis
scientis	sciens	ADJqua	Case=Gen|Numb=Sing|Deg=Pos	scientis
litteras	littera	NOMcom	Case=Acc|Numb=Plur	litteras
et	et2	CONcoo	MORPH=empty	et
dicetur	dico?	VER	Numb=Sing|Mood=Ind|Tense=Fut|Voice=Pass|Person=3	dicetur
ei	is	PROdem	Case=Dat|Numb=Sing	ei
lege	lex	NOMcom	Case=Abl|Numb=Sing	lege
hoc	hic1	PROdem	Case=Acc|Numb=Sing	hoc
et	et2	CONcoo	MORPH=empty	et
respondet	respondeo	VER	Numb=Sing|Mood=Ind|Tense=Pres|Voice=Act|Person=3	respondet
non	non	ADVneg	MORPH=empty	non
possum	possum1	VER	Numb=Sing|Mood=Ind|Tense=Pres|Voice=Act|Person=1	possum
legere	lego?	VER	Mood=Inf|Tense=Pres|Voice=Act	legere
signatum	signo	VER	Case=Nom|Numb=Sing|Mood=Par|Tense=Perf|Voice=Pass	signatum
est	sum1	VER	Numb=Sing|Mood=Ind|Tense=Pres|Voice=Act|Person=3	est
enim	enim2	CONcoo	MORPH=empty	enim
.	.	PUNC	MORPH=empty	.
Sed	sed	CONcoo	MORPH=empty	sed
declaratio	declaratio	NOMcom	Case=Nom|Numb=Sing	declaratio
uerborum	uerbum	NOMcom	Case=Gen|Numb=Plur	uerborum
mysticorum	mysticus	NOMcom	Case=Gen|Numb=Plur	mysticorum
per	per	PRE	MORPH=empty	per
euangelia	euangelium	NOMcom	Case=Acc|Numb=Plur	euangelia
praestatur	praesto1	VER	Numb=Sing|Mood=Ind|Tense=Pres|Voice=Pass|Person=3	praestatur
ubi	ubi1	ADVrel	MORPH=empty	ubi
legis	lex	NOMcom	Case=Gen|Numb=Sing	legis
occulta	occultus	ADJqua	Case=Nom|Numb=Plur|Deg=Pos	occulta
et	et2	CONcoo	MORPH=empty	et
abscondita	absconditus	VER	Case=Nom|Numb=Plur|Mood=Par|Tense=Perf|Voice=Pass	abscondita
prophetica	propheticus	ADJqua	Case=Nom|Numb=Plur|Deg=Pos	prophetica
mandata	mandatum	NOMcom	Case=Nom|Numb=Plur	mandata
domino	dominus	NOMcom	Case=Dat|Numb=Sing	domino
in	in	PRE	MORPH=empty	in
corpore	corpus	NOMcom	Case=Abl|Numb=Sing	corpore
manente	maneo	VER	Case=Abl|Numb=Sing|Mood=Par|Tense=Pres|Voice=Act	manente
panduntur	pando2	VER	Numb=Plur|Mood=Ind|Tense=Pres|Voice=Pass|Person=3	panduntur
.	.	PUNC	MORPH=empty	.
ex	ex	PRE	MORPH=empty	ex
quibus	qui1	PROrel	Case=Abl|Numb=Plur	quibus
primum	primum	ADJadv.ord	Deg=Sup	primum
fides	fides?	NOMcom	Case=Nom|Numb=Sing	fides
discitur	disco	VER	Numb=Sing|Mood=Ind|Tense=Pres|Voice=Pass|Person=3	discitur
.	.	PUNC	MORPH=empty	.
ubi	ubi2	ADVint	MORPH=empty	ubi
enim	enim2	CONcoo	MORPH=empty	enim
ea	is	PROdem	Case=Nom|Numb=Plur	ea
quae	qui1	PROrel	Case=Nom|Numb=Plur	quae
a	ab	PRE	MORPH=empty	a
prophetis	prophetus	NOMcom	Case=Abl|Numb=Plur	prophetis
dicta	dico?	NOMcom	Case=Nom|Numb=Plur|Mood=Ind|Person=3	dicta
sunt	sum1	VER	Numb=Plur|Mood=Ind|Tense=Pres|Voice=Act|Person=3	sunt
per	per	PRE	MORPH=empty	per
eum	is	PROdem	Case=Acc|Numb=Sing	eum
rebus	res	NOMcom	Case=Abl|Numb=Plur	rebus
et	et2	CONcoo	MORPH=empty	et
operibus	opus?	NOMcom	Case=Abl|Numb=Plur	operibus
explentur	expleo	VER	Numb=Plur|Mood=Ind|Tense=Pres|Voice=Pass|Person=3	explentur
.	.	PUNC	MORPH=empty	.
cum	cum3	CONsub	MORPH=empty	cum
uirgo	uirgo	NOMcom	Case=Nom|Numb=Sing	uirgo
parit	pario2	VER	Numb=Sing|Mood=Ind|Tense=Pres|Voice=Act|Person=3	parit
cum	cum3	CONsub	MORPH=empty	cum
deus	deus	NOMcom	Case=Nom|Numb=Sing	deus
uerbum	uerbum	NOMcom	Case=Nom|Numb=Sing	uerbum
est	sum1	VER	Numb=Sing|Mood=Ind|Tense=Pres|Voice=Act|Person=3	est
et	et2	CONcoo	MORPH=empty	et
uerbum	uerbum	NOMcom	Case=Nom|Numb=Sing	uerbum
caro	caro1	ADJqua	Case=Nom|Numb=Sing|Deg=Pos	caro
fit	fio	VER	Numb=Sing|Mood=Ind|Tense=Pres|Voice=Act|Person=3	fit
et	et2	CONcoo	MORPH=empty	et
habitat	habito	VER	Numb=Sing|Mood=Ind|Tense=Pres|Voice=Act|Person=3	habitat
in	in	PRE	MORPH=empty	in
nobis	nos	PROper	Case=Abl|Numb=Plur	nobis
cum	cum3	CONsub	MORPH=empty	cum
muti	mutus	ADJqua	Case=Nom|Numb=Plur|Deg=Pos	muti
loquuntur	loquor	VER	Numb=Plur|Mood=Ind|Tense=Pres|Voice=Dep|Person=3	loquuntur
cum	cum3	CONsub	MORPH=empty	cum
surdi	surdus	ADJqua	Case=Nom|Numb=Plur|Deg=Pos	surdi
audiunt	audio	VER	Numb=Plur|Mood=Ind|Tense=Pres|Voice=Act|Person=3	audiunt
cum	cum3	CONsub	MORPH=empty	cum
claudi	claudo?	VER	Mood=Inf|Tense=Pres|Voice=Pass	claudi
incedunt	incedo1	VER	Numb=Plur|Mood=Ind|Tense=Pres|Voice=Act|Person=3	incedunt
cum	cum3	CONsub	MORPH=empty	cum
leprosi	leprosus	ADJqua	Case=Nom|Numb=Plur|Deg=Pos	leprosi
emundantur	emundo	VER	Numb=Plur|Mood=Ind|Tense=Pres|Voice=Pass|Person=3	emundantur
cum	cum3	CONsub	MORPH=empty	cum
caeci	caecus	ADJqua	Case=Nom|Numb=Plur|Deg=Pos	caeci
uident	uideo	VER	Numb=Plur|Mood=Ind|Tense=Pres|Voice=Act|Person=3	uident
cum	cum3	CONsub	MORPH=empty	cum
dsemoniaci	summoniacus	NOMcom	Case=Nom|Numb=Plur	dsemoniaci
curantur	curo	VER	Numb=Plur|Mood=Ind|Tense=Pres|Voice=Pass|Person=3	curantur
cum	cum3	CONsub	MORPH=empty	cum
mortui	morior	VER	Case=Nom|Numb=Plur|Mood=Par|Tense=Perf|Voice=Dep	mortui
resurgunt	resurgo	VER	Numb=Plur|Mood=Ind|Tense=Pres|Voice=Act|Person=3	resurgunt
declaratio	declaratio	NOMcom	Case=Nom|Numb=Sing	declaratio
haec	hic1	PROdem	Case=Nom|Numb=Sing	haec
uerborum	uerbum	NOMcom	Case=Gen|Numb=Plur	uerborum
dei	deus	NOMcom	Case=Gen|Numb=Sing	dei
nostram	noster	PROpos	Case=Acc|Numb=Sing	nostram
ac	ac1	CONcoo	MORPH=empty	ac
naturse	naturs	ADV	Deg=Pos	naturse
obscuritatem	obscuritas	NOMcom	Case=Acc|Numb=Sing	obscuritatem
fidei	fides?	NOMcom	Case=Gen|Numb=Sing	fidei
luce	lux	NOMcom	Case=Abl|Numb=Sing	luce
clarificat	clarifico	VER	Numb=Sing|Mood=Ind|Tense=Pres|Voice=Act|Person=3	clarificat
.	.	PUNC	MORPH=empty	.
tunc	tunc	ADV	Deg=Pos	tunc
enim	enim2	CONcoo	MORPH=empty	enim
intellegimus	intelligo	VER	Numb=Plur|Mood=Ind|Tense=Pres|Voice=Act|Person=1	intellegimus
resurrectionis	resurrectio	NOMcom	Case=Gen|Numb=Sing	resurrectionis
gloriam	gloria	NOMcom	Case=Acc|Numb=Sing	gloriam
iudicii	iudicium	NOMcom	Case=Gen|Numb=Sing	iudicii
potestatem	potestas	NOMcom	Case=Acc|Numb=Sing	potestatem
aeternitatis	aeternitas	NOMcom	Case=Gen|Numb=Sing	aeternitatis
honorem	honor	NOMcom	Case=Acc|Numb=Sing	honorem
.	.	PUNC	MORPH=empty	.
et	et2	CONcoo	MORPH=empty	et
intellegimus	intelligo	VER	Numb=Plur|Mood=Ind|Tense=Pres|Voice=Act|Person=1	intellegimus
hsec	hic1	PROdem	Case=Acc|Numb=Sing	hsec
paruuli	paruulus	ADJqua	Case=Gen|Numb=Plur|Deg=Pos	paruuli
uel	uel2	CONcoo	MORPH=empty	uel
ad	ad2	PRE	MORPH=empty	ad
innocentiam	innocentia	NOMcom	Case=Acc|Numb=Sing	innocentiam
renati	renascor	VER	Case=Nom|Numb=Plur|Mood=Par|Tense=Perf|Voice=Dep	renati
uel	uel2	CONcoo	MORPH=empty	uel
per	per	PRE	MORPH=empty	per
ignorationem	ignoratio	NOMcom	Case=Acc|Numb=Sing	ignorationem
inperiti	imperitus	ADJqua	Case=Gen|Numb=Sing|Deg=Pos	inperiti
.	.	PUNC	MORPH=empty	.
hsec	hic1	PROdem	Case=Nom|Numb=Sing	hsec
declaratio	declaratio	NOMcom	Case=Nom|Numb=Sing	declaratio
uerborum	uerbum	NOMcom	Case=Gen|Numb=Plur	uerborum
dei	deus	NOMcom	Case=Gen|Numb=Sing	dei
et	et2	CONcoo	MORPH=empty	et
intellegentia	intelligentia	NOMcom	Case=Nom|Numb=Sing	intellegentia
paruulis	paruulus	ADJqua	Case=Dat|Numb=Plur|Deg=Pos	paruulis
praestita	praestitum	VER	Numb=Sing|Mood=Imp|Tense=Pres|Voice=Act|Person=2	praestita
cuius	qui1	PROrel	Case=Gen|Numb=Sing	cuius
temporis	tempus?	NOMcom	Case=Gen|Numb=Sing	temporis
aetatis	aetas	NOMcom	Case=Gen|Numb=Sing	aetatis
-que	que	CONcoo	MORPH=empty	-que
res	res	NOMcom	Case=Nom|Numb=Sing	res
esset	sum1	VER	Numb=Sing|Mood=Sub|Tense=Impa|Voice=Act|Person=3	esset
dominus	dominus	NOMcom	Case=Nom|Numb=Sing	dominus
ipse	ipse	PROdem	Case=Nom|Numb=Sing	ipse
in	in	PRE	MORPH=empty	in
euangeliis	euangelium	NOMcom	Case=Abl|Numb=Plur	euangeliis
demonstrat	demonstro	VER	Numb=Sing|Mood=Ind|Tense=Pres|Voice=Act|Person=3	demonstrat
dicens	dico?	VER	Case=Nom|Numb=Sing|Mood=Par|Tense=Pres|Voice=Act	dicens
confiteor	confiteor	VER	Numb=Sing|Mood=Ind|Tense=Pres|Voice=Dep|Person=1	confiteor
tibi	tu	PROper	Case=Dat|Numb=Sing	tibi
domi	domus	NOMcom	Case=Loc|Numb=Sing	domi
-ne	ne2	CONcoo	MORPH=empty	-ne
caeli	caelum?	NOMcom	Case=Gen|Numb=Sing	caeli
et	et2	CONcoo	MORPH=empty	et
terrae	terra	NOMcom	Case=Gen|Numb=Sing	terrae
quia	quia	CONsub	MORPH=empty	quia
abscondisti	abscondo	VER	Numb=Sing|Mood=Ind|Tense=Perf|Voice=Act|Person=2	abscondisti
hsec	hic1	PROdem	Case=Acc|Numb=Sing	hsec
a	ab	PRE	MORPH=empty	a
sapientibus	sapiens1	NOMcom	Case=Abl|Numb=Plur	sapientibus
et	et2	CONcoo	MORPH=empty	et
prudentibus	prudens	ADJqua	Case=Abl|Numb=Plur|Deg=Pos	prudentibus
et	et2	CONcoo	MORPH=empty	et
reuelasti	reuelo	VER	Numb=Sing|Mood=Ind|Tense=Perf|Voice=Act|Person=2	reuelasti
ea	is	PROdem	Case=Acc|Numb=Plur	ea
paruulis	paruulus	ADJqua	Case=Dat|Numb=Plur|Deg=Pos	paruulis
.	.	PUNC	MORPH=empty	.
ecce	ecce	INJ	MORPH=empty	ecce
declarationis	declaratio	NOMcom	Case=Gen|Numb=Sing	declarationis
et	et2	CONcoo	MORPH=empty	et
inluminationis	illuminatio	NOMcom	Case=Gen|Numb=Sing	inluminationis
et	et2	CONcoo	MORPH=empty	et
intellegentise	intelligente	ADJqua	Case=Gen|Deg=Pos	intellegentise
tempus	tempus?	NOMcom	Case=Nom|Numb=Sing	tempus
.	.	PUNC	MORPH=empty	.
absconsa	abscondeo	VER	Numb=Sing|Mood=Ind|Tense=Perf|Voice=Pass|Person=3	absconsa
enim	enim2	CONcoo	MORPH=empty	enim
usque	usque	ADV	Deg=Pos	usque
in	in	PRE	MORPH=empty	in
hos	hic1	PROdem	Case=Acc|Numb=Plur	hos
dies	dies	NOMcom	Case=Acc|Numb=Plur	dies
haec	hic1	PROdem	Case=Nom|Numb=Plur	haec
declarantur	declaro	VER	Numb=Plur|Mood=Ind|Tense=Pres|Voice=Pass|Person=3	declarantur
et	et2	CONcoo	MORPH=empty	et
declarata	declaro	VER	Case=Nom|Numb=Plur|Mood=Par|Voice=Pass	declarata
inluminant	illumino	VER	Numb=Plur|Mood=Ind|Tense=Pres|Voice=Act|Person=3	inluminant
et	et2	CONcoo	MORPH=empty	et
inluminantia	illumino	VER	Case=Acc|Numb=Plur|Mood=Par|Tense=Pres|Voice=Act	inluminantia
intellegentiam	intelligentia	NOMcom	Case=Acc|Numb=Sing	intellegentiam
paruulis	paruulus	ADJqua	Case=Dat|Numb=Plur|Deg=Pos	paruulis
subministrant	subministro	VER	Numb=Plur|Mood=Ind|Tense=Pres|Voice=Act|Person=3	subministrant
fiunt	fio	VER	Numb=Plur|Mood=Ind|Tense=Pres|Voice=Act|Person=3	fiunt
-que	que	CONcoo	MORPH=empty	-que
per	per	PRE	MORPH=empty	per
hanc	hic1	PROdem	Case=Acc|Numb=Sing	hanc
intellegentiam	intelligentia	NOMcom	Case=Acc|Numb=Sing	intellegentiam
sancti	sanctus	ADJqua	Case=Gen|Numb=Sing|Deg=Pos	sancti
spiritus	spiritus	NOMcom	Case=Gen|Numb=Sing	spiritus
iam	iam	ADV	Deg=Pos	iam
capaces	capax	ADJqua	Case=Nom|Numb=Plur|Deg=Pos	capaces
.	.	PUNC	MORPH=empty	.
Denique	denique	ADV	Deg=Pos	denique
id	is	PROdem	Case=Acc|Numb=Sing	id
ipsum	ipse	PROdem	Case=Acc|Numb=Sing	ipsum
sequens	sequens	VER	Case=Nom|Numb=Sing|Mood=Par|Tense=Pres|Voice=Dep	sequens
sermo	sermo	NOMcom	Case=Nom|Numb=Sing	sermo
subiecit	subicio	VER	Numb=Sing|Mood=Ind|Tense=Perf|Voice=Act|Person=3	subiecit
dicens	dico?	VER	Case=Nom|Numb=Sing|Mood=Par|Tense=Pres|Voice=Act	dicens
os	os?	NOMcom	Case=Acc|Numb=Sing	os
meum	meus	PROpos	Case=Acc|Numb=Sing	meum
aperui	aperio	VER	Numb=Sing|Mood=Ind|Tense=Perf|Voice=Act|Person=1	aperui
et	et2	CONcoo	MORPH=empty	et
adtraxi	attraho	VER	Numb=Sing|Mood=Ind|Tense=Perf|Voice=Act|Person=1	adtraxi
spiritum	spiritus	NOMcom	Case=Acc|Numb=Sing	spiritum
;	;	PUNC	MORPH=empty	;
quia	quia	CONsub	MORPH=empty	quia
mandata	mandatum	NOMcom	Case=Acc|Numb=Plur	mandata
tua	tuus	PROpos	Case=Acc|Numb=Plur	tua
concupiscebam	concupisco	VER	Numb=Sing|Mood=Ind|Tense=Impa|Voice=Act|Person=1	concupiscebam
.	.	PUNC	MORPH=empty	.
non	non	ADVneg	MORPH=empty	non
de	de	PRE	MORPH=empty	de
hoc	hic1	PROdem	Case=Abl|Numb=Sing	hoc
utique	utique	ADV	Deg=Pos	utique
humani	humanus	ADJqua	Case=Gen|Numb=Sing|Deg=Pos	humani
corporis	corpus	NOMcom	Case=Gen|Numb=Sing	corporis
ore	os?	NOMcom	Case=Abl|Numb=Sing	ore
dixit	dico?	VER	Numb=Sing|Mood=Ind|Tense=Perf|Voice=Act|Person=3	dixit
quod	qui1	PROrel	Case=Nom|Numb=Sing	quod
per	per	PRE	MORPH=empty	per
labia	labia	NOMcom	Case=Acc|Numb=Plur	labia
concluditur	concludo	VER	Numb=Sing|Mood=Ind|Tense=Pres|Voice=Pass|Person=3	concluditur
ac	ac1	CONcoo	MORPH=empty	ac
patet	pateo	VER	Numb=Sing|Mood=Ind|Tense=Pres|Voice=Act|Person=3	patet
.	.	PUNC	MORPH=empty	.
nam	nam	CONcoo	MORPH=empty	nam
spiritum	spiritus	NOMcom	Case=Acc|Numb=Sing	spiritum
officio	officium	NOMcom	Case=Abl|Numb=Sing	officio
narium	naris	NOMcom	Case=Gen|Numb=Plur	narium
magis	magis2	ADV	Deg=Comp	magis
quam	quam1	ADVrel	MORPH=empty	quam
oris	os?	NOMcom	Case=Gen|Numb=Sing	oris
haurimus	haurio	VER	Numb=Plur|Mood=Ind|Tense=Pres|Voice=Act|Person=1	haurimus
.	.	PUNC	MORPH=empty	.
laboriosius	laboriose	ADJqua	Deg=Comp	laboriosius
autem	autem	CONcoo	MORPH=empty	autem
aditu	aditus	NOMcom	Case=Abl|Numb=Sing	aditu
oris	os?	NOMcom	Case=Gen|Numb=Sing	oris
in	in	PRE	MORPH=empty	in
animam	anima	NOMcom	Case=Acc|Numb=Sing	animam
transfunditur	transfundo2	VER	Numb=Sing|Mood=Ind|Tense=Pres|Voice=Pass|Person=3	transfunditur
;	;	PUNC	MORPH=empty	;
absolutius	absolutus	ADV	Numb=Sing|Deg=Comp	absolutius
uero	uero4	CONcoo	MORPH=empty	uero
per	per	PRE	MORPH=empty	per
naturalem	naturalis	ADJqua	Case=Acc|Numb=Sing|Deg=Pos	naturalem
cursum	cursus	NOMcom	Case=Acc|Numb=Sing	cursum
famulatu	famulatus	NOMcom	Case=Abl|Numb=Sing	famulatu
atque	atque1	CONcoo	MORPH=empty	atque
officio	officium	NOMcom	Case=Abl|Numb=Sing	officio
narium	naris	NOMcom	Case=Gen|Numb=Plur	narium
commeat	commeo	VER	Numb=Sing|Mood=Ind|Tense=Pres|Voice=Act|Person=3	commeat
.	.	PUNC	MORPH=empty	.
sed	sed	CONcoo	MORPH=empty	sed
os	os?	NOMcom	Case=Acc|Numb=Sing	os
scriptura	scriptura	NOMcom	Case=Nom|Numb=Sing	scriptura
non	non	ADVneg	MORPH=empty	non
labiorum	labo	NOMcom	Case=Gen|Numb=Plur	labiorum
tantum	tantum2	ADV	Deg=Pos	tantum
sed	sed	CONcoo	MORPH=empty	sed
et	et2	CONcoo	MORPH=empty	et
cordis	cor	NOMcom	Case=Gen|Numb=Sing	cordis
solita	solitus	ADJqua	Case=Nom|Numb=Sing|Deg=Pos	solita
est	sum1	VER	Numb=Sing|Mood=Ind|Tense=Pres|Voice=Act|Person=3	est
nuncupare	nuncupo	VER	Mood=Inf|Tense=Pres|Voice=Act	nuncupare
.	.	PUNC	MORPH=empty	.
corde	cor	NOMcom	Case=Abl|Numb=Sing	corde
enim	enim2	CONcoo	MORPH=empty	enim
per	per	PRE	MORPH=empty	per
fidem	fides?	NOMcom	Case=Acc|Numb=Sing	fidem
patente	pateo	VER	Case=Abl|Numb=Sing|Mood=Par|Tense=Pres|Voice=Act	patente
et	et2	CONcoo	MORPH=empty	et
desiderio	desiderium	NOMcom	Case=Abl|Numb=Sing	desiderio
ad	ad2	PRE	MORPH=empty	ad
hauriendum	haurio	VER	Case=Acc|Numb=Sing|Mood=Ger|Voice=Pass	hauriendum
hiante	hio	VER	Case=Abl|Numb=Sing|Mood=Par|Tense=Pres|Voice=Act	hiante
intellegentia	intelligentia	NOMcom	Case=Abl|Numb=Sing	intellegentia
doctrinae	doctrina	NOMcom	Case=Gen|Numb=Sing	doctrinae
caelestis	caelestis	ADJqua	Case=Nom|Numb=Sing|Deg=Pos	caelestis
accipitur	accipio	VER	Numb=Sing|Mood=Ind|Tense=Pres|Voice=Pass|Person=3	accipitur
.	.	PUNC	MORPH=empty	.
non	non	ADVneg	MORPH=empty	non
animae	anima	NOMcom	Case=Gen|Numb=Sing	animae
hoc	hic1	PROdem	Case=Nom|Numb=Sing	hoc
sed	sed	CONcoo	MORPH=empty	sed
cordis	cor	NOMcom	Case=Gen|Numb=Sing	cordis
officium	officium	NOMcom	Case=Nom|Numb=Sing	officium
est	sum1	VER	Numb=Sing|Mood=Ind|Tense=Pres|Voice=Act|Person=3	est
.	.	PUNC	MORPH=empty	.
apostolus	apostolus	VER	Numb=Sing|Mood=Ind|Voice=Act	apostolus
enim	enim2	CONcoo	MORPH=empty	enim
ait	aio	VER	Numb=Sing|Mood=Ind|Tense=Pres|Voice=Act|Person=3	ait
animalis	animal	NOMcom	Case=Acc|Numb=Sing	animalis
autem	autem	CONcoo	MORPH=empty	autem
homo	homo	NOMcom	Case=Nom|Numb=Sing	homo
non	non	ADVneg	MORPH=empty	non
percipit	percipio	VER	Numb=Sing|Mood=Ind|Tense=Pres|Voice=Act|Person=3	percipit
quse	quis?	PROrel	Case=Nom	quse
sunt	sum1	VER	Numb=Plur|Mood=Ind|Tense=Pres|Voice=Act|Person=3	sunt
spiritus	spiritus	NOMcom	Case=Nom|Numb=Sing	spiritus
stultitia	stultitia	NOMcom	Case=Nom|Numb=Sing	stultitia
enim	enim2	CONcoo	MORPH=empty	enim
est	sum1	VER	Numb=Sing|Mood=Ind|Tense=Pres|Voice=Act|Person=3	est
ei	is	PROdem	Case=Dat|Numb=Sing	ei
.	.	PUNC	MORPH=empty	.
et	et2	CONcoo	MORPH=empty	et
idem	idem	PROdem	Case=Nom|Numb=Sing	idem
doctor	doctor	NOMcom	Case=Nom|Numb=Sing	doctor
gentium	gens	NOMcom	Case=Gen|Numb=Plur	gentium
ait	aio	VER	Numb=Sing|Mood=Ind|Tense=Pres|Voice=Act|Person=3	ait
lex	lex	NOMcom	Case=Nom|Numb=Sing	lex
enim	enim2	CONcoo	MORPH=empty	enim
non	non	ADVneg	MORPH=empty	non
in	in	PRE	MORPH=empty	in
tabulis	tabula	NOMcom	Case=Abl|Numb=Plur	tabulis
lapideis	lapideus	ADJqua	Case=Abl|Numb=Plur|Deg=Pos	lapideis
scripta	scribo	VER	Numb=Plur|Mood=Ind|Tense=Perf|Voice=Pass|Person=3	scripta
sed	sed	CONcoo	MORPH=empty	sed
in	in	PRE	MORPH=empty	in
tabulis	tabula	NOMcom	Case=Abl|Numb=Plur	tabulis
cordis	cor	NOMcom	Case=Abl|Numb=Sing	cordis
carnalibus	carnalis	NOMcom	Case=Abl|Numb=Plur	carnalibus
.	.	PUNC	MORPH=empty	.
hoc	hic1	PROdem	Case=Acc|Numb=Sing	hoc
ergo	ergo2	CONcoo	MORPH=empty	ergo
os	os?	NOMcom	Case=Acc|Numb=Sing	os
suum	suus	PROpos.ref	Case=Acc|Numb=Sing	suum
propheta	prophetus	ADJqua	Case=Acc|Numb=Sing|Deg=Pos	propheta
pandens	pando2	VER	Case=Nom|Numb=Sing|Mood=Par|Tense=Pres|Voice=Act	pandens
adtraxit	attraho	VER	Numb=Sing|Mood=Ind|Tense=Perf|Voice=Act|Person=3	adtraxit
spiritum	spiritus	NOMcom	Case=Acc|Numb=Sing	spiritum
;	;	PUNC	MORPH=empty	;
non	non	ADVneg	MORPH=empty	non
enim	enim2	CONcoo	MORPH=empty	enim
ultro	ultro	ADV	Deg=Pos	ultro
ingruit	ingruo	VER	Numb=Sing|Mood=Ind|Tense=Pres|Voice=Act|Person=3	ingruit
.	.	PUNC	MORPH=empty	.
expetendus	expeto	VER	Case=Nom|Numb=Sing|Mood=Adj|Voice=Pass	expetendus
est	sum1	VER	Numb=Sing|Mood=Ind|Tense=Pres|Voice=Act|Person=3	est
adtrahendus	attraho	VER	Case=Nom|Numb=Sing|Mood=Adj|Voice=Pass	adtrahendus
est	sum1	VER	Numb=Sing|Mood=Ind|Tense=Pres|Voice=Act|Person=3	est
et	et2	CONcoo	Deg=Pos	et
infantium	infans1	NOMcom	Case=Gen|Numb=Plur	infantium
modo	modo1	ADV	Deg=Pos	modo
tamquam	tamquam1	ADVrel	MORPH=empty	tamquam
lac	lac	NOMcom	Case=Nom|Numb=Sing	lac
innocens	innocens	ADJqua	Case=Nom|Numb=Sing|Deg=Pos	innocens
hauriendum	haurio	VER	Case=Nom|Numb=Sing|Mood=Adj|Voice=Pass	hauriendum
.	.	PUNC	MORPH=empty	.
ideo	ideo	ADV	Deg=Pos	ideo
autem	autem	CONcoo	MORPH=empty	autem
propheta	prophetus	ADJqua	Case=Nom|Numb=Sing|Deg=Pos	propheta
os	os?	NOMcom	Case=Acc|Numb=Sing	os
aperuit	aperio	VER	Numb=Sing|Mood=Ind|Tense=Perf|Voice=Act|Person=3	aperuit
quia	quia	CONsub	MORPH=empty	quia
meminerit	memini	VER	Numb=Sing|Mood=Sub|Tense=Perf|Voice=Act|Person=3	meminerit
sibi	sui1	PROref	Case=Dat|Numb=Sing	sibi
psalmo	psalmum	NOMcom	Case=Dat|Numb=Sing	psalmo
alltiudinem	alltiudo	NOMcom	Case=Acc|Numb=Sing	alltiudinem
dilata	differo	VER	Numb=Sing|Mood=Par|Tense=Perf|Voice=Pass	dilata
os	os?	NOMcom	Case=Acc|Numb=Sing	os
tuum	tuus	PROpos	Case=Acc|Numb=Sing	tuum
etadinplebo	etadimplebo	NOMcom	Numb=Sing|Tense=Fut	etadinplebo
illud	ille	PROdem	Case=Acc|Numb=Sing	illud
et	et2	CONcoo	MORPH=empty	et
in	in	PRE	MORPH=empty	in
lege	lex	NOMcom	Case=Abl|Numb=Sing	lege
scriptum	scribo	VER	Case=Acc|Numb=Sing|Mood=Par|Tense=Perf|Voice=Pass	scriptum
sciat	scio	VER	Numb=Sing|Mood=Sub|Tense=Pres|Voice=Act|Person=3	sciat
describe	describo	VER	Numb=Sing|Mood=Imp|Tense=Pres|Voice=Act|Person=2	describe
hsec	hic1	PROdem	Case=Acc|Numb=Sing	hsec
in	in	PRE	MORPH=empty	in
latitudinem	latitudo	NOMcom	Case=Acc|Numb=Sing	latitudinem
cordis	cor	NOMcom	Case=Gen|Numb=Sing	cordis
tui	tuus	PROpos	Case=Gen|Numb=Sing	tui
;	;	PUNC	MORPH=empty	;
corde	cor	NOMcom	Case=Abl|Numb=Sing	corde
enim	enim2	CONcoo	MORPH=empty	enim
dei	deus	NOMcom	Case=Gen|Numb=Sing	dei
praedicatio	praedicatio	NOMcom	Case=Nom|Numb=Sing	praedicatio
non	non	ADVneg	MORPH=empty	non
ore	os?	NOMcom	Case=Abl|Numb=Sing	ore
suscipitur	suscipio	VER	Numb=Sing|Mood=Ind|Tense=Pres|Voice=Pass|Person=3	suscipitur
.	.	PUNC	MORPH=empty	.
et	et2	CONcoo	MORPH=empty	et
secundum	secundum2	PRE	MORPH=empty	secundum
euangelicam	euangelicus	ADJqua	Case=Acc|Numb=Sing|Deg=Pos	euangelicam
prsedicationem	prsedicatio	NOMcom	Case=Acc|Numb=Sing	prsedicationem
uerbum	uerbum	NOMcom	Case=Acc|Numb=Sing	uerbum
dei	deus	NOMcom	Case=Gen|Numb=Sing	dei
ex	ex	PRE	MORPH=empty	ex
corde	cor	NOMcom	Case=Abl|Numb=Sing	corde
malus	malus3	ADJqua	Case=Nom|Numb=Sing|Deg=Pos	malus
abripit	abripio	VER	Numb=Sing|Mood=Ind|Tense=Pres|Voice=Act|Person=3	abripit
quod	qui1	PROrel	Case=Nom|Numb=Sing	quod
ultra	ultra1	ADV	Deg=Pos	ultra
mel	mel	NOMcom	Case=Nom|Numb=Sing	mel
et	et2	CONcoo	MORPH=empty	et
fauum	fauus	NOMcom	Case=Nom|Numb=Sing	fauum
in	in	PRE	MORPH=empty	in
ore	os?	NOMcom	Case=Abl|Numb=Sing	ore
delectat	delecto	VER	Numb=Sing|Mood=Ind|Tense=Pres|Voice=Act|Person=3	delectat
.	.	PUNC	MORPH=empty	.
ut	ut1	ADVrel	MORPH=empty	ut
enim	enim2	CONcoo	MORPH=empty	enim
per	per	PRE	MORPH=empty	per
os	os?	NOMcom	Case=Acc|Numb=Sing	os
in	in	PRE	MORPH=empty	in
alimoniam	alimonia	NOMcom	Case=Acc|Numb=Sing	alimoniam
corporis	corpus	NOMcom	Case=Gen|Numb=Sing	corporis
cibum	cibus	NOMcom	Case=Acc|Numb=Sing	cibum
sumimus	sumo	VER	Numb=Plur|Mood=Ind|Tense=Pres|Voice=Act|Person=1	sumimus
.	.	PUNC	MORPH=empty	.
ita	ita	ADV	Deg=Pos	ita
et	et2	CONcoo	MORPH=empty	et
per	per	PRE	MORPH=empty	per
cor	cor	NOMcom	Case=Acc|Numb=Sing	cor
ad	ad2	PRE	MORPH=empty	ad
uiuificandam	uiuifico	VER	Case=Acc|Numb=Sing|Mood=Adj|Voice=Pass	uiuificandam
animam	anima	NOMcom	Case=Acc|Numb=Sing	animam
escas	esca	NOMcom	Case=Acc|Numb=Plur	escas
doctrinae	doctrina	NOMcom	Case=Gen|Numb=Sing	doctrinae
caelestis	caelestis	ADJqua	Case=Acc|Numb=Plur|Deg=Pos	caelestis
accipimus	accipio	VER	Numb=Plur|Mood=Ind|Tense=Pres|Voice=Act|Person=1	accipimus
quae	qui1	PROrel	Case=Nom|Numb=Plur	quae
nisi	nisi	CONsub	MORPH=empty	nisi
amplificato	amplifico	VER	Case=Abl|Numb=Sing|Mood=Par|Tense=Fut|Voice=Pass	amplificato
et	et2	CONcoo	MORPH=empty	et
patente	pateo	VER	Case=Abl|Numb=Sing|Mood=Par|Tense=Pres|Voice=Act	patente
corde	cor	NOMcom	Case=Abl|Numb=Sing	corde
adtracta	attraho	VER	Case=Acc|Numb=Plur|Mood=Par|Tense=Perf|Voice=Pass	adtracta
quodam	quidam	PROind	Case=Abl|Numb=Sing	quodam
modo	modus	NOMcom	Case=Abl|Numb=Sing	modo
fuerint	sum1	VER	Numb=Plur|Mood=Ind|Tense=Fut|Voice=Act|Person=3	fuerint
non	non	ADVneg	MORPH=empty	non
adibunt	adeo1	VER	Numb=Plur|Mood=Ind|Tense=Fut|Voice=Act|Person=3	adibunt
.	.	PUNC	MORPH=empty	.
Sequitur	sequor	VER	Numb=Sing|Mood=Ind|Tense=Pres|Voice=Dep|Person=3	sequitur
deinde	deinde	ADV	Deg=Pos	deinde
aspice	aspicio	VER	Numb=Sing|Mood=Imp|Tense=Pres|Voice=Act|Person=2	aspice
in	in	PRE	MORPH=empty	in
me	ego	PROper	Case=Acc|Numb=Sing	me
et	et2	CONcoo	MORPH=empty	et
miserere	misereor	VER	Numb=Sing|Mood=Imp|Tense=Pres|Voice=Dep|Person=2	miserere
mei	ego	PROper	Case=Gen|Numb=Sing	mei
secundum	secundum2	PRE	Numb=Sing	secundum
iudicium	iudicium	NOMcom	Case=Acc|Numb=Sing	iudicium
diligentium	diligens	ADJqua	Case=Gen|Numb=Plur	diligentium
nomen	nomen	NOMcom	Case=Acc|Numb=Sing	nomen
tuum	tuus	PROpos	Case=Acc|Numb=Sing	tuum
.	.	PUNC	MORPH=empty	.
ad	ad2	PRE	MORPH=empty	ad
id	is	PROdem	Case=Acc|Numb=Sing	id
quod	qui1	PROrel	Case=Acc|Numb=Sing	quod
dixerat	dico?	VER	Numb=Sing|Mood=Ind|Tense=Pqp|Voice=Act|Person=3	dixerat
respice	respicio	VER	Numb=Sing|Mood=Imp|Tense=Pres|Voice=Act|Person=2	respice
in	in	PRE	MORPH=empty	in
me	ego	PROper	Case=Acc|Numb=Sing	me
mox	mox	ADV	Deg=Pos	mox
addidit	addo	VER	Numb=Sing|Mood=Ind|Tense=Perf|Voice=Act|Person=3	addidit
et	et2	CONcoo	MORPH=empty	et
miserere	misereor	VER	Numb=Sing|Mood=Imp|Tense=Pres|Voice=Dep|Person=2	miserere
mei	ego	PROper	Case=Gen|Numb=Sing	mei
.	.	PUNC	MORPH=empty	.
scit	scio	VER	Numb=Sing|Mood=Ind|Tense=Pres|Voice=Act|Person=3	scit
enim	enim2	CONcoo	MORPH=empty	enim
dominum	dominus	NOMcom	Case=Acc|Numb=Sing	dominum
etiam	etiam	ADV	Deg=Pos	etiam
in	in	PRE	MORPH=empty	in
ultionem	ultio	NOMcom	Case=Acc|Numb=Sing	ultionem
impiorum	impius	ADJqua	Case=Gen|Numb=Plur|Deg=Pos	impiorum
p	pe	NOMcom	MORPH=empty	p
namque	namque	CONcoo	MORPH=empty	namque
respicere	respicio	VER	Mood=Inf|Tense=Pres|Voice=Act	respicere
.	.	PUNC	MORPH=empty	.
respexit	respicio	VER	Numb=Sing|Mood=Ind|Tense=Perf|Voice=Act|Person=3	respexit
enim	enim2	CONcoo	MORPH=empty	enim
ut	ut1	ADVrel	MORPH=empty	ut
scriptum	scribo	VER	Case=Nom|Numb=Sing|Mood=Ind|Tense=Perf|Voice=Pass	scriptum
est	sum1	VER	Numb=Sing|Mood=Ind|Tense=Pres|Voice=Act|Person=3	est
super	super2	PRE	MORPH=empty	super
castra	castra?	NOMcom	Case=Acc|Numb=Plur	castra
Aegyptiorum	aegyptium	NOMcom	Case=Gen|Numb=Plur	aegyptiorum
et	et2	CONcoo	MORPH=empty	et
conligauit	colligo?	VER	Numb=Sing|Mood=Ind|Tense=Perf|Voice=Act|Person=3	conligauit
axes	axis	NOMcom	Case=Acc|Numb=Plur	axes
curruum	currus	NOMcom	Case=Gen|Numb=Plur	curruum
eorum	is	PROdem	Case=Gen|Numb=Plur	eorum
.	.	PUNC	MORPH=empty	.
etrursum	etrursus	ADV	Deg=Pos	etrursum
respexit	respicio	VER	Numb=Sing|Mood=Ind|Tense=Perf|Voice=Act|Person=3	respexit
dominus	dominus	NOMcom	Case=Nom|Numb=Sing	dominus
super	super2	PRE	MORPH=empty	super
Sodomam	sodoma	NOMcom	Case=Acc|Numb=Sing	sodomam
et	et2	CONcoo	MORPH=empty	et
Gomorram	gomorra	NOMcom	Case=Acc|Numb=Sing	gomorram
.	.	PUNC	MORPH=empty	.
respicit	respicio	VER	Numb=Sing|Mood=Ind|Tense=Pres|Voice=Act|Person=3	respicit
uero	uero4	CONcoo	Deg=Pos	uero
non	non	ADVneg	MORPH=empty	non
solum	solum2	ADV	Deg=Pos	solum
ad	ad2	PRE	MORPH=empty	ad
poenam	poena	NOMcom	Case=Acc|Numb=Sing	poenam
sed	sed	CONcoo	MORPH=empty	sed
etiam	etiam	ADV	Deg=Pos	etiam
ad	ad2	PRE	MORPH=empty	ad
terrorem	terror	NOMcom	Case=Acc|Numb=Sing	terrorem
cura	cura	NOMcom	Case=Nom|Numb=Sing	cura
dicitur	dico?	VER	Numb=Sing|Mood=Ind|Tense=Pres|Voice=Pass|Person=3	dicitur
aspiciens	aspicio	VER	Case=Nom|Numb=Sing|Mood=Par|Tense=Pres|Voice=Act	aspiciens
in	in	PRE	MORPH=empty	in
terram	terra	NOMcom	Case=Acc|Numb=Sing	terram
et	et2	CONcoo	MORPH=empty	et
faciens	facio	VER	Case=Nom|Numb=Sing|Mood=Par|Tense=Pres|Voice=Act	faciens
eam	is	PROdem	Case=Acc|Numb=Sing	eam
tremere	tremo	VER	Mood=Inf|Tense=Pres|Voice=Act	tremere
.	.	PUNC	MORPH=empty	.
propheta	propheo	VER	Numb=Sing|Mood=Imp|Voice=Act|Person=2	propheta
ergo	ergo2	CONcoo	MORPH=empty	ergo
non	non	ADVneg	MORPH=empty	non
solitarium	solitarius	ADJqua	Case=Acc|Numb=Sing|Deg=Pos	solitarium
hoc	hic1	PROdem	Case=Acc|Numb=Sing	hoc
orat	oro	VER	Numb=Sing|Mood=Ind|Tense=Pres|Voice=Act|Person=3	orat
ut	ut4	CONsub	MORPH=empty	ut
in	in	PRE	MORPH=empty	in
se	sui1	PROref	Case=Acc|Numb=Sing	se
deus	deus	NOMcom	Case=Nom|Numb=Sing	deus
respiciat	respicio	VER	Numb=Sing|Mood=Sub|Tense=Pres|Voice=Act|Person=3	respiciat
sed	sed	CONcoo	MORPH=empty	sed
cum	cum3	CONsub	MORPH=empty	cum
miseratio	miseratio	NOMcom	Case=Nom|Numb=Sing	miseratio
-ne	ne2	CONcoo	MORPH=empty	-ne
respiciat	respicio	VER	Numb=Sing|Mood=Sub|Tense=Pres|Voice=Act|Person=3	respiciat
neque	neque	CONcoo	MORPH=empty	neque
cum	cum3	CONsub	MORPH=empty	cum
miseratio	miseratio	NOMcom	Case=Nom|Numb=Sing	miseratio
-ne	ne2	CONcoo	MORPH=empty	-ne
tantum	tantus	ADV	Deg=Pos	tantum
sed	sed	CONcoo	MORPH=empty	sed
secundum	secundum2	PRE	MORPH=empty	secundum
iudicium	iudicium	NOMcom	Case=Acc|Numb=Sing	iudicium
diligentium	diligens	ADJqua	Case=Gen|Numb=Plur	diligentium
nomen	nomen	NOMcom	Case=Nom|Numb=Sing	nomen
eius	is	PROdem	Case=Gen|Numb=Sing	eius
.	.	PUNC	MORPH=empty	.
Est	sum1	VER	Numb=Sing|Mood=Ind|Tense=Pres|Voice=Act|Person=3	est
quidem	quidem	ADV	Deg=Pos	quidem
ex	ex	PRE	MORPH=empty	ex
bonitate	bonitas	NOMcom	Case=Abl|Numb=Sing	bonitate
dei	deus	NOMcom	Case=Gen|Numb=Sing	dei
misericordia	misericordia	NOMcom	Case=Nom|Numb=Sing	misericordia
;	;	PUNC	MORPH=empty	;
sed	sed	CONcoo	MORPH=empty	sed
promerenda	promereor	VER	Case=Nom|Numb=Sing|Mood=Adj|Voice=Dep	promerenda
est	sum1	VER	Numb=Sing|Mood=Ind|Tense=Pres|Voice=Act|Person=3	est
haec	hic1	PROdem	Case=Nom|Numb=Sing	haec
a	ab	PRE	MORPH=empty	a
nobis	nos	PROper	Case=Abl|Numb=Plur	nobis
studio	studium	NOMcom	Case=Abl|Numb=Sing	studio
innocentiae	innocentia	NOMcom	Case=Gen|Numb=Sing	innocentiae
ut	ut4	CONsub	MORPH=empty	ut
respiciat	respicio	VER	Numb=Sing|Mood=Sub|Tense=Pres|Voice=Act|Person=3	respiciat
in	in	PRE	MORPH=empty	in
nos	nos	PROper	Case=Acc|Numb=Plur	nos
qualiter	qualiter1	ADVrel	MORPH=empty	qualiter
respexit	respicio	VER	Numb=Sing|Mood=Ind|Tense=Perf|Voice=Act|Person=3	respexit
in	in	PRE	MORPH=empty	in
Abraham	abraha	VER	Case=Acc|Numb=Sing|Voice=Act	abraham
qualiter	qualiter1	ADVrel	MORPH=empty	qualiter
in	in	PRE	MORPH=empty	in
Isaac	isacus	ADJqua	Case=Acc|Numb=Plur|Deg=Pos	isaac
qualiter	qualiter?	ADV	MORPH=empty	qualiter
in	in	PRE	MORPH=empty	in
Iacob	iacor	NOMcom	Case=Abl|Numb=Sing	iacob
qualiter	qualiter?	ADV	MORPH=empty	qualiter
in	in	PRE	MORPH=empty	in
Ioseph	iosephus	NOMcom	Case=Acc|Numb=Sing	ioseph
qualiter	qualiter?	ADV	MORPH=empty	qualiter
in	in	PRE	MORPH=empty	in
Iob	isbe	PROdem	Case=Abl|Numb=Sing	iob
qualiter	qualiter?	ADV	MORPH=empty	qualiter
in	in	PRE	MORPH=empty	in
Moyse	moysis	NOMcom	Case=Abl|Numb=Sing	moyse
-ne	ne2	CONcoo	MORPH=empty	-ne
.	.	PUNC	MORPH=empty	.
scit	scio	VER	Numb=Sing|Mood=Ind|Tense=Pres|Voice=Act|Person=3	scit
enim	enim2	CONcoo	MORPH=empty	enim
ad	ad2	PRE	MORPH=empty	ad
haec	hic1	PROdem	Case=Acc|Numb=Plur	haec
misericordise	misericors	ADJqua	Deg=Pos	misericordise
suae	suus	PROpos.ref	Case=Gen|Numb=Sing	suae
opera	opus?	NOMcom	Case=Acc|Numb=Plur	opera
deum	deus	NOMcom	Case=Gen|Numb=Sing	deum
solere	soleo	VER	Mood=Inf|Tense=Pres|Voice=SemDep	solere
respicere	respicio	VER	Mood=Inf|Tense=Pres|Voice=Act	respicere
cum	cum3	CONsub	MORPH=empty	cum
dicitur	dico?	VER	Numb=Sing|Mood=Ind|Tense=Pres|Voice=Pass|Person=3	dicitur
dominus	dominus	NOMcom	Case=Nom|Numb=Sing	dominus
de	de	PRE	MORPH=empty	de
caelo	caelum?	NOMcom	Case=Abl|Numb=Sing	caelo
respexit	respicio	VER	Numb=Sing|Mood=Ind|Tense=Perf|Voice=Act|Person=3	respexit
in	in	PRE	MORPH=empty	in
terram	terra	NOMcom	Case=Acc|Numb=Sing	terram
ut	ut4	CONsub	MORPH=empty	ut
audiret	audio	VER	Numb=Sing|Mood=Sub|Tense=Impa|Voice=Act|Person=3	audiret
gemitum	gemitus	NOMcom	Case=Acc|Numb=Sing	gemitum
uinculatorum	uinculator	NOMcom	Case=Gen|Numb=Plur	uinculatorum
et	et2	CONcoo	MORPH=empty	et
soluat	soluo	VER	Numb=Sing|Mood=Sub|Tense=Pres|Voice=Act|Person=3	soluat
filios	filius	NOMcom	Case=Acc|Numb=Plur	filios
interemptorum	interimo	VER	Case=Gen|Numb=Plur|Mood=Par|Tense=Perf|Voice=Pass	interemptorum
et	et2	CONcoo	MORPH=empty	et
rursum	rursus	ADV	Deg=Pos	rursum
et	et2	CONcoo	MORPH=empty	et
respexit	respicio	VER	Numb=Sing|Mood=Ind|Tense=Perf|Voice=Act|Person=3	respexit
super	super2	PRE	MORPH=empty	super
filios	filius	NOMcom	Case=Acc|Numb=Plur	filios
pauperum	pauper	ADJqua	Case=Gen|Numb=Plur|Deg=Pos	pauperum
et	et2	CONcoo	MORPH=empty	et
non	non	ADVneg	MORPH=empty	non
spreuit	sperno	VER	Numb=Sing|Mood=Ind|Tense=Perf|Voice=Act|Person=3	spreuit
deprecationem	deprecatio	NOMcom	Case=Acc|Numb=Sing	deprecationem
eorum	is	PROdem	Case=Gen|Numb=Plur	eorum
.	.	PUNC	MORPH=empty	.
secundum	secundus?	PRE	Numb=Sing	secundum
ergo	ergo2	CONcoo	MORPH=empty	ergo
hoc	hic1	PROdem	Case=Acc|Numb=Sing	hoc
iudicium	iudicium	NOMcom	Case=Acc|Numb=Sing	iudicium
timentium	timeo	VER	Case=Gen|Numb=Plur|Mood=Par|Tense=Pres|Voice=Act	timentium
dominum	dominus	NOMcom	Case=Acc|Numb=Sing	dominum
orat	oro	VER	Numb=Sing|Mood=Ind|Tense=Pres|Voice=Act|Person=3	orat
ut	ut4	CONsub	MORPH=empty	ut
deus	deus	NOMcom	Case=Nom|Numb=Sing	deus
super	super2	PRE	MORPH=empty	super
se	sui1	PROref	Case=Acc|Numb=Sing	se
aspiciat	aspicio	VER	Numb=Sing|Mood=Sub|Tense=Pres|Voice=Act|Person=3	aspiciat
et	et2	CONcoo	MORPH=empty	et
misereatur	misereor	VER	Numb=Sing|Mood=Sub|Tense=Pres|Voice=Dep|Person=3	misereatur
ut	ut4	CONsub	MORPH=empty	ut
si	si2	CONsub	MORPH=empty	si
ieiunantem	ieiuno	VER	Case=Acc|Numb=Sing|Mood=Par|Tense=Pres|Voice=Act	ieiunantem
uidet	uideo	VER	Numb=Sing|Mood=Ind|Tense=Pres|Voice=Act|Person=3	uidet
si	si2	CONsub	MORPH=empty	si
miserantem	miseror	VER	Case=Acc|Numb=Sing|Mood=Par|Tense=Pres|Voice=Dep	miserantem
contuetur	contueor	VER	Numb=Sing|Mood=Sub|Tense=Pres|Voice=Dep|Person=3	contuetur
si	si2	CONsub	MORPH=empty	si
pium	pius	ADJqua	Case=Acc|Numb=Sing|Deg=Pos	pium
ac	ac1	CONcoo	MORPH=empty	ac
religiosum	religiosus	ADJqua	Case=Acc|Numb=Sing|Deg=Pos	religiosum
in	in	PRE	MORPH=empty	in
omni	omnis	PROind	Case=Abl|Numb=Sing	omni
opere	opus?	NOMcom	Case=Abl|Numb=Sing	opere
conspiciet	conspicio	VER	Numb=Sing|Mood=Ind|Tense=Fut|Voice=Act|Person=3	conspiciet
tunc	tunc	ADV	Deg=Pos	tunc
secundum	secundum2	PRE	MORPH=empty	secundum
iudicium	iudicium	NOMcom	Case=Acc|Numb=Sing	iudicium
eorum	is	PROdem	Case=Gen|Numb=Plur	eorum
qui	qui1	PROrel	Case=Nom|Numb=Plur	qui
diligunt	diligo3	VER	Numb=Plur|Mood=Ind|Tense=Pres|Voice=Act|Person=3	diligunt
nomen	nomen	NOMcom	Case=Acc|Numb=Sing	nomen
suum	suus	PROpos.ref	Case=Acc|Numb=Sing	suum
ipse	ipse	PROdem	Case=Nom|Numb=Sing	ipse
quoque	quoque	ADV	Deg=Pos	quoque
dei	deus	NOMcom	Case=Gen|Numb=Sing	dei
miseratio	miseratio	NOMcom	Case=Nom|Numb=Sing	miseratio
-ne	ne2	CONcoo	MORPH=empty	-ne
sit	sum1	VER	Numb=Sing|Mood=Sub|Tense=Pres|Voice=Act|Person=3	sit
dignus	dignus	ADJqua	Case=Nom|Numb=Sing|Deg=Pos	dignus
.	.	PUNC	MORPH=empty	.
Dehinc	dehinc	ADV	Deg=Pos	dehinc
sequitur	sequor	VER	Numb=Sing|Mood=Ind|Tense=Pres|Voice=Dep|Person=3	sequitur
gressus	gressus	NOMcom	Case=Acc|Numb=Plur	gressus
meos	meus	PROpos	Case=Acc|Numb=Plur	meos
dirige	dirigo	VER	Numb=Sing|Mood=Imp|Tense=Pres|Voice=Act|Person=2	dirige
secundum	secundum2	PRE	MORPH=empty	secundum
eloquium	eloquium	NOMcom	Case=Acc|Numb=Sing	eloquium
tuum	tuus	PROpos	Case=Acc|Numb=Sing	tuum
et	et2	CONcoo	MORPH=empty	et
nedominetur	nedominor	VER	Numb=Sing|Mood=Sub|Tense=Pres|Voice=Dep|Person=3	nedominetur
mei	ego	PROper	Case=Gen|Numb=Sing	mei
omnis	omnis	PROind	Case=Nom|Numb=Sing	omnis
iniustitia	iniustitia	NOMcom	Case=Nom|Numb=Sing	iniustitia
.	.	PUNC	MORPH=empty	.
incedit	incedo1	VER	Numb=Sing|Mood=Ind|Tense=Pres|Voice=Act|Person=3	incedit
quidem	quidem	ADV	Deg=Pos	quidem
propheta	prophetus	ADJqua	Case=Abl|Numb=Sing|Deg=Pos	propheta
ex	ex	PRE	MORPH=empty	ex
uoluntate	uoluntas	NOMcom	Case=Abl|Numb=Sing	uoluntate
sua	suus	PROpos.ref	Case=Abl|Numb=Sing	sua
iustitiae	iustitia	NOMcom	Case=Gen|Numb=Sing	iustitiae
gressibus	gressus	NOMcom	Case=Abl|Numb=Plur	gressibus
sed	sed	CONcoo	MORPH=empty	sed
scit	scio	VER	Numb=Sing|Mood=Ind|Tense=Pres|Voice=Act|Person=3	scit
undique	undique	ADV	Deg=Pos	undique
sibi	sui1	PROref	Case=Dat|Numb=Sing	sibi
iniustitise	iniustite	ADV	Deg=Pos	iniustitise
dominationes	dominatio	NOMcom	Case=Acc|Numb=Plur	dominationes
inminere	immineo	VER	Mood=Inf|Tense=Pres|Voice=Act	inminere
.	.	PUNC	MORPH=empty	.
superius	superus	ADV	Deg=Comp	superius
orauerat	oro	VER	Numb=Sing|Mood=Ind|Tense=Pqp|Voice=Act|Person=3	orauerat
ut	ut4	CONsub	MORPH=empty	ut
in	in	PRE	MORPH=empty	in
se	sui1	PROref	Case=Acc|Numb=Sing	se
deus	deus	NOMcom	Case=Nom|Numb=Sing	deus
respiceret	respicio	VER	Numb=Sing|Mood=Sub|Tense=Impa|Voice=Act|Person=3	respiceret
ac	ac1	CONcoo	MORPH=empty	ac
misereretur	misereor	VER	Numb=Sing|Mood=Sub|Tense=Impa|Voice=Dep|Person=3	misereretur
secundum	secundum2	PRE	MORPH=empty	secundum
eos	is	PROdem	Case=Acc|Numb=Plur	eos
qui	qui1	PROrel	Case=Nom|Numb=Plur	qui
diligunt	diligo3	VER	Numb=Plur|Mood=Ind|Tense=Pres|Voice=Act|Person=3	diligunt
nomen	nomen	NOMcom	Case=Acc|Numb=Sing	nomen
suum	suus	PROpos.ref	Case=Acc|Numb=Sing	suum
.	.	PUNC	MORPH=empty	.
misericordise	misericordite	ADV	Deg=Pos	misericordise
autem	autem	CONcoo	MORPH=empty	autem
quam	quam1	ADVrel	MORPH=empty	quam
orat	oro	VER	Numb=Sing|Mood=Ind|Tense=Pres|Voice=Act|Person=3	orat
hunc	hic1	PROdem	Case=Acc|Numb=Sing	hunc
fructum	fructus	NOMcom	Case=Acc|Numb=Sing	fructum
esse	sum1	VER	Mood=Inf|Tense=Pres|Voice=Act	esse
sentit	sentio	VER	Numb=Sing|Mood=Ind|Tense=Pres|Voice=Act|Person=3	sentit
ut	ut4	CONsub	MORPH=empty	ut
gressus	gressus	NOMcom	Case=Nom|Numb=Plur	gressus
sui	suus	PROpos.ref	Case=Gen|Numb=Sing	sui
dirigantur	dirigo	VER	Numb=Plur|Mood=Sub|Tense=Pres|Voice=Pass|Person=3	dirigantur
non	non	ADVneg	MORPH=empty	non
secundum	secundum?	ADJord	Deg=Pos	secundum
saeculi	saeculum	NOMcom	Case=Gen|Numb=Sing	saeculi
uias	uia	NOMcom	Case=Acc|Numb=Plur	uias
non	non	ADVneg	MORPH=empty	non
secundum	secundum2	PRE	Deg=Pos	secundum
humanam	humanus	ADJqua	Case=Acc|Numb=Sing|Deg=Pos	humanam
gloriam	gloria	NOMcom	Case=Acc|Numb=Sing	gloriam
non	non	ADVneg	MORPH=empty	non
secundum	secundum1	ADV	Deg=Pos	secundum
corporis	corpus	NOMcom	Case=Gen|Numb=Sing	corporis
uoluptates	uoluptas	NOMcom	Case=Acc|Numb=Plur	uoluptates
sed	sed	CONcoo	MORPH=empty	sed
secundum	secundum2	PRE	MORPH=empty	secundum
eloquia	eloquium	NOMcom	Case=Acc|Numb=Plur	eloquia
dei	deus	NOMcom	Case=Gen|Numb=Sing	dei
.	.	PUNC	MORPH=empty	.
si	si2	CONsub	MORPH=empty	si
nihil	nihil	PROind	Case=Ind	nihil
inpedimenti	impedimentum	NOMcom	Case=Gen|Numb=Sing	inpedimenti
usquam	usquam	ADV	Deg=Pos	usquam
occurreret	occurro	VER	Numb=Sing|Mood=Sub|Tense=Impa|Voice=Act|Person=3	occurreret
si	si2	CONsub	MORPH=empty	si
aduersantes	aduersor	VER	Case=Nom|Numb=Plur|Mood=Par|Tense=Pres|Voice=Dep	aduersantes
sibi	sui1	PROref	Case=Dat|Numb=Sing	sibi
non	non	ADVneg	MORPH=empty	non
undique	undique	ADV	Deg=Pos	undique
adessent	assum1	VER	Numb=Plur|Mood=Sub|Tense=Impa|Voice=Act|Person=3	adessent
suis	suus	PROpos.ref	Case=Abl|Numb=Plur	suis
ipse	ipse	PROdem	Case=Nom|Numb=Sing	ipse
uiribus	uis	NOMcom	Case=Abl|Numb=Plur	uiribus
in	in	PRE	MORPH=empty	in
ea	is	PROdem	Case=Abl|Numb=Sing	ea
quse	qui1	PROrel	Numb=Sing	quse
agere	ago	VER	Mood=Inf|Tense=Pres|Voice=Act	agere
uellet	uolo?	VER	Numb=Sing|Mood=Sub|Tense=Impa|Voice=Act|Person=3	uellet
confirmabatur	confirmo	VER	Numb=Sing|Mood=Ind|Tense=Impa|Voice=Pass|Person=3	confirmabatur
.	.	PUNC	MORPH=empty	.
sed	sed	CONcoo	MORPH=empty	sed
ubi	ubi1	ADVrel	MORPH=empty	ubi
insidise	insidise	ADV	Deg=Pos	insidise
sunt	sum1	VER	Numb=Plur|Mood=Ind|Tense=Pres|Voice=Act|Person=3	sunt
ubi	ubi1	ADVrel	MORPH=empty	ubi
bellum	bellus	NOMcom	Case=Nom|Numb=Sing	bellum
est	sum1	VER	Numb=Sing|Mood=Ind|Tense=Pres|Voice=Act|Person=3	est
opus	opus?	NOMcom	Case=Ind	opus
est	sum1	VER	Numb=Sing|Mood=Ind|Tense=Pres|Voice=Act|Person=3	est
potioris	potis	ADJqua	Case=Gen|Numb=Sing|Deg=Comp	potioris
auxilio	auxilium	NOMcom	Case=Dat|Numb=Sing	auxilio
ne	ne4	CONsub	MORPH=empty	ne
in	in	PRE	MORPH=empty	in
se	sui1	PROref	Case=Acc|Numb=Sing	se
dominetur	dominor	VER	Numb=Sing|Mood=Sub|Tense=Pres|Voice=Dep|Person=3	dominetur
omnis	omnis	PROind	Case=Nom|Numb=Sing	omnis
iniustitia	iniustitia	NOMcom	Case=Nom|Numb=Sing	iniustitia
.	.	PUNC	MORPH=empty	.
Non	non	ADVneg	MORPH=empty	non
ut	ut4	CONsub	MORPH=empty	ut
a	ab	PRE	MORPH=empty	a
se	sui1	PROref	Case=Abl|Numb=Sing	se
absit	absum1	VER	Numb=Sing|Mood=Sub|Tense=Pres|Voice=Act|Person=3	absit
sed	sed	CONcoo	MORPH=empty	sed
ne	ne4	CONsub	MORPH=empty	ne
dominetur	dominor	VER	Numb=Sing|Mood=Sub|Tense=Pres|Voice=Dep|Person=3	dominetur
sui	sui1	PROref	Case=Gen|Numb=Sing	sui
orat	oro	VER	Numb=Sing|Mood=Ind|Tense=Pres|Voice=Act|Person=3	orat
.	.	PUNC	MORPH=empty	.
scit	scio	VER	Numb=Sing|Mood=Ind|Tense=Pres|Voice=Act|Person=3	scit
per	per	PRE	MORPH=empty	per
temptationes	tentatio	NOMcom	Case=Acc|Numb=Plur	temptationes
ad	ad2	PRE	MORPH=empty	ad
gloriam	gloria	NOMcom	Case=Acc|Numb=Sing	gloriam
perueniri	peruenio	VER	Mood=Inf|Tense=Pres|Voice=Pass	perueniri
.	.	PUNC	MORPH=empty	.
meminit	memini	VER	Numb=Sing|Mood=Ind|Tense=Perf|Voice=Act|Person=3	meminit
Abraham	abraha	VER	Numb=Sing|Voice=Act|Person=1	abraham
et	et2	CONcoo	MORPH=empty	et
peregrinationis	peregrinatio	NOMcom	Case=Gen|Numb=Sing	peregrinationis
iniuria	iniuria	NOMcom	Case=Abl|Numb=Sing	iniuria
et	et2	CONcoo	MORPH=empty	et
amittendae	amitto	VER	Case=Gen|Numb=Sing|Mood=Adj|Voice=Pass	amittendae
uxoris	uxor	NOMcom	Case=Gen|Numb=Sing	uxoris
metu	metus	NOMcom	Case=Abl|Numb=Sing	metu
et	et2	CONcoo	MORPH=empty	et
per	per	PRE	MORPH=empty	per
immolandi	immolo	VER	Case=Gen|Numb=Sing|Mood=Ger|Voice=Act	immolandi
filii	filius	NOMcom	Case=Gen|Numb=Sing	filii
dolorem	dolor	NOMcom	Case=Acc|Numb=Sing	dolorem
fuisse	sum1	VER	Mood=Inf|Tense=Perf|Voice=Act	fuisse
temptatum	tento	VER	Case=Acc|Numb=Sing|Mood=Inf|Tense=Perf|Voice=Pass	temptatum
.	.	PUNC	MORPH=empty	.
scit	scio	VER	Numb=Sing|Mood=Ind|Tense=Pres|Voice=Act|Person=3	scit
Iob	isbe	PROdem	Case=Nom|Numb=Sing	iob
omni	omnis	PROind	Case=Abl|Numb=Sing	omni
temptationum	tenstatio	NOMcom	Case=Gen|Numb=Plur	temptationum
esse	sum1	VER	Mood=Inf|Tense=Pres|Voice=Act	esse
militia	militia	NOMcom	Case=Abl|Numb=Sing	militia
perfunctum	perfungor	VER	Case=Acc|Numb=Sing|Mood=Inf|Tense=Perf|Voice=Dep	perfunctum
.	.	PUNC	MORPH=empty	.
recolit	recolo2	VER	Numb=Sing|Mood=Ind|Tense=Pres|Voice=Act|Person=3	recolit
Ioseph	iosepha	NOMcom	Case=Nom	ioseph
cum	cum3	CONsub	MORPH=empty	cum
a	ab	PRE	MORPH=empty	a
fratribus	frater	NOMcom	Case=Abl|Numb=Plur	fratribus
uenditur	uendo	VER	Numb=Sing|Mood=Ind|Tense=Pres|Voice=Pass|Person=3	uenditur
cum	cum3	CONsub	MORPH=empty	cum
a	ab	PRE	MORPH=empty	a
domini	dominus	NOMcom	Case=Gen|Numb=Sing	domini
sui	suus	PROpos.ref	Case=Gen|Numb=Sing	sui
coniuge	coniux	NOMcom	Case=Abl|Numb=Sing	coniuge
ad	ad2	PRE	MORPH=empty	ad
adulterium	adulterium	NOMcom	Case=Acc|Numb=Sing	adulterium
conpellitur	compello?	VER	Numb=Sing|Mood=Ind|Tense=Pres|Voice=Pass|Person=3	conpellitur
cum	cum2	PRE	MORPH=empty	cum
carcere	carcer	NOMcom	Case=Abl|Numb=Sing	carcere
p	po	NOMcom	Case=Nom|Numb=Sing	p
nse	ne?	NOMcom	Case=Nom|Numb=Sing	nse
reseruatur	reseruo	VER	Numb=Sing|Mood=Ind|Tense=Pres|Voice=Pass|Person=3	reseruatur
gloriam	gloria	NOMcom	Case=Acc|Numb=Sing	gloriam
maximse	magis2	ADV	Deg=Sup	maximse
fidei	fides?	NOMcom	Case=Gen|Numb=Sing	fidei
per	per	PRE	MORPH=empty	per
haec	hic1	PROdem	Case=Acc|Numb=Plur	haec
iniustitiae	iniustitia	NOMcom	Case=Gen|Numb=Sing	iniustitiae
temptamenta	tentamentum	NOMcom	Case=Acc|Numb=Plur	temptamenta
meruisse	mereo	VER	Mood=Inf|Tense=Perf|Voice=Act	meruisse
.	.	PUNC	MORPH=empty	.
dominationem	dominatio	NOMcom	Case=Acc|Numb=Sing	dominationem
iniustitise	iniustite	ADV	Deg=Pos	iniustitise
propheta	propheo	VER	Case=Abl|Numb=Sing|Tense=Perf|Voice=Pass	propheta
metuit	metuo	VER	Numb=Sing|Mood=Ind|Tense=Pres|Voice=Act|Person=3	metuit
temptationem	tentatio	NOMcom	Case=Acc|Numb=Sing	temptationem
uero	uero4	CONcoo	MORPH=empty	uero
eius	is	PROdem	Case=Gen|Numb=Sing	eius
non	non	ADVneg	MORPH=empty	non
recusat	recuso	VER	Numb=Sing|Mood=Ind|Tense=Pres|Voice=Act|Person=3	recusat
.	.	PUNC	MORPH=empty	.
dirigendos	dirigo	VER	Case=Acc|Numb=Plur|Mood=Adj|Voice=Pass	dirigendos
autem	autem	CONcoo	MORPH=empty	autem
esse	sum1	VER	Mood=Inf|Tense=Pres|Voice=Act	esse
a	ab	PRE	MORPH=empty	a
domino	dominus	NOMcom	Case=Abl|Numb=Sing	domino
gressus	gressus	NOMcom	Case=Acc|Numb=Plur	gressus
suos	suus	PROpos.ref	Case=Acc|Numb=Plur	suos
secundum	secundum2	PRE	Deg=Pos	secundum
eloquia	eloquium	NOMcom	Case=Acc|Numb=Plur	eloquia
sua	suus	PROpos.ref	Case=Acc|Numb=Plur	sua
meminit	memini	VER	Numb=Sing|Mood=Ind|Tense=Perf|Voice=Act|Person=3	meminit
ne	ne4	CONsub	MORPH=empty	ne
iniquitas	iniquitas	NOMcom	Case=Nom|Numb=Sing	iniquitas
quae	qui1	PROrel	Case=Nom|Numb=Sing	quae
temptatura	tento	VER	Case=Nom|Numb=Sing|Mood=Par|Tense=Fut|Voice=Act	temptatura
sit	sum1	VER	Numb=Sing|Mood=Sub|Tense=Pres|Voice=Act|Person=3	sit
potestatem	potestas	NOMcom	Case=Acc|Numb=Sing	potestatem
possit	possum1	VER	Numb=Sing|Mood=Sub|Tense=Pres|Voice=Act|Person=3	possit
habere	habeo	VER	Mood=Inf|Tense=Pres|Voice=Act	habere
dominandi	dominor	VER	Case=Gen|Numb=Sing|Mood=Ger|Voice=Dep	dominandi
.	.	PUNC	MORPH=empty	.
Post	post1	ADV	Deg=Pos	post
quse	qui1	PROrel	Numb=Sing	quse
id	is	PROdem	Case=Acc|Numb=Sing	id
consequitur	consequor	VER	Numb=Sing|Mood=Ind|Tense=Pres|Voice=Dep|Person=3	consequitur
redime	redimo	VER	Numb=Sing|Mood=Imp|Tense=Pres|Voice=Act|Person=2	redime
me	ego	PROper	Case=Acc|Numb=Sing	me
a	ab	PRE	MORPH=empty	a
calumniis	calumnium	NOMcom	Case=Abl|Numb=Plur	calumniis
hominum	homo	NOMcom	Case=Gen|Numb=Plur	hominum
et	et2	CONcoo	MORPH=empty	et
custodiam	custodio	NOMcom	Case=Acc|Numb=Sing|Tense=Fut|Person=1	custodiam
praecepta	praeceptum	NOMcom	Case=Acc|Numb=Plur	praecepta
tua	tuus	PROpos	Case=Acc|Numb=Plur	tua
.	.	PUNC	MORPH=empty	.
humana	humanus	ADJqua	Case=Nom|Numb=Sing|Deg=Pos	humana
temptatio	tenttatio	NOMcom	Case=Nom|Numb=Sing	temptatio
grauis	grauis	ADJqua	Case=Nom|Numb=Sing|Deg=Pos	grauis
non	non	ADVneg	MORPH=empty	non
est	sum1	VER	Numb=Sing|Mood=Ind|Tense=Pres|Voice=Act|Person=3	est
apostolo	apostolum	NOMcom	Case=Abl|Numb=Sing	apostolo
dicente	dico?	VER	Case=Abl|Numb=Sing|Mood=Par|Tense=Pres|Voice=Act	dicente
temptatio	tentatio	NOMcom	Case=Nom|Numb=Sing	temptatio
autem	autem	CONcoo	MORPH=empty	autem
adhuc	adhuc	ADV	Deg=Pos	adhuc
non	non	ADVneg	MORPH=empty	non
adprehendit	apprehendo	VER	Numb=Sing|Mood=Ind|Tense=Perf|Voice=Act|Person=3	adprehendit
uos	uos	PROper	Case=Acc|Numb=Plur	uos
nisi	nisi	CONsub	MORPH=empty	nisi
humana	humanus	ADJqua	Case=Nom|Numb=Plur|Deg=Pos	humana
;	;	PUNC	MORPH=empty	;
sed	sed	CONcoo	MORPH=empty	sed
calumnia	calumnia	NOMcom	Case=Nom|Numb=Sing	calumnia
grauis	grauis	ADJqua	Case=Nom|Numb=Sing|Deg=Pos	grauis
est	sum1	VER	Numb=Sing|Mood=Ind|Tense=Pres|Voice=Act|Person=3	est
.	.	PUNC	MORPH=empty	.
calumnia	calumnia	NOMcom	Case=Nom|Numb=Sing	calumnia
autem	autem	CONcoo	MORPH=empty	autem
ea	is	PROdem	Case=Nom|Numb=Sing	ea
est	sum1	VER	Numb=Sing|Mood=Ind|Tense=Pres|Voice=Act|Person=3	est
uel	uel2	CONcoo	MORPH=empty	uel
cum	cum2	PRE	MORPH=empty	cum
bono	bonus	ADJqua	Case=Dat|Numb=Sing|Deg=Pos	bono
operi	opus?	NOMcom	Case=Dat|Numb=Sing	operi
facinoris	facinus	NOMcom	Case=Gen|Numb=Sing	facinoris
mali	malus3	ADJqua	Case=Gen|Numb=Sing|Deg=Pos	mali
nomen	nomen	NOMcom	Case=Nom|Numb=Sing	nomen
adscribitur	ascribo	VER	Numb=Sing|Mood=Ind|Tense=Pres|Voice=Pass|Person=3	adscribitur
uel	uel2	CONcoo	MORPH=empty	uel
cum	cum2	PRE	MORPH=empty	cum
specie	species	NOMcom	Case=Abl|Numb=Sing	specie
blandiente	blandior	VER	Case=Abl|Numb=Sing|Mood=Par|Tense=Pres|Voice=Dep	blandiente
internae	internus	ADJqua	Case=Gen|Numb=Sing|Deg=Pos	internae
malitise	malo	VER	Mood=Inf|Tense=Perf|Voice=Act	malitise
uirus	uirus	NOMcom	Case=Nom|Numb=Sing	uirus
occulitur	occulo	VER	Numb=Sing|Mood=Ind|Tense=Pres|Voice=Pass|Person=3	occulitur
.	.	PUNC	MORPH=empty	.
.	.	PUNC	MORPH=empty	.
neque	neque	CONcoo	MORPH=empty	neque
enim	enim2	CONcoo	MORPH=empty	enim
eius	is	PROdem	Case=Gen|Numb=Sing	eius
directae	directus	VER	Case=Gen|Numb=Sing	directae
maliuolentiae	maleuolentia	NOMcom	Case=Gen|Numb=Sing	maliuolentiae
opus	opus?	NOMcom	Case=Ind	opus
est	sum1	VER	Numb=Sing|Mood=Ind|Tense=Pres|Voice=Act|Person=3	est
sed	sed	CONcoo	MORPH=empty	sed
fallax	fallax	ADJqua	Case=Nom|Numb=Sing|Deg=Pos	fallax
et	et2	CONcoo	MORPH=empty	et
subdolum	subdolus	ADJqua	Case=Nom|Numb=Sing|Deg=Pos	subdolum
et	et2	CONcoo	MORPH=empty	et
sub	sub	PRE	MORPH=empty	sub
specie	species	NOMcom	Case=Abl|Numb=Sing	specie
bonae	bonus	ADJqua	Case=Gen|Numb=Sing|Deg=Pos	bonae
uoluntatis	uoluntas	NOMcom	Case=Gen|Numb=Sing	uoluntatis
malitise	malo	VER	Mood=Inf|Tense=Perf|Voice=Act	malitise
operatio	operatio	NOMcom	Case=Nom|Numb=Sing	operatio
-ne	ne2	CONcoo	MORPH=empty	-ne
desseuiens	desseuio	VER	Case=Nom|Numb=Sing|Mood=Par|Tense=Pres|Voice=Act	desseuiens
.	.	PUNC	MORPH=empty	.
et	et2	CONcoo	MORPH=empty	et
difficile	difficilis	ADJqua	Case=Nom|Numb=Sing|Deg=Pos	difficile
est	sum1	VER	Numb=Sing|Mood=Ind|Tense=Pres|Voice=Act|Person=3	est
cauere	caueo	VER	Mood=Inf|Tense=Pres|Voice=Act	cauere
a	ab	PRE	MORPH=empty	a
talibus	talis	PROdem	Case=Abl|Numb=Plur	talibus
qui	qui1	PROrel	Case=Nom|Numb=Plur	qui
sub	sub	PRE	MORPH=empty	sub
nomine	nomen	NOMcom	Case=Abl|Numb=Sing	nomine
fratrum	frater	NOMcom	Case=Gen|Numb=Plur	fratrum
inimici	inimicus1	NOMcom	Case=Nom|Numb=Plur	inimici
sunt	sum1	VER	Numb=Plur|Mood=Ind|Tense=Pres|Voice=Act|Person=3	sunt
sub	sub	PRE	MORPH=empty	sub
nomine	nomen	NOMcom	Case=Abl|Numb=Sing	nomine
amicorum	amicus1	NOMcom	Case=Gen|Numb=Plur	amicorum
hostes	hostis	NOMcom	Case=Nom|Numb=Plur	hostes
sunt	sum1	VER	Numb=Plur|Mood=Ind|Tense=Pres|Voice=Act|Person=3	sunt
sub	sub	PRE	MORPH=empty	sub
filiorum	filius	NOMcom	Case=Gen|Numb=Plur	filiorum
specie	species	NOMcom	Case=Abl|Numb=Sing	specie
parricidae	parricida	NOMcom	Case=Nom|Numb=Plur	parricidae
sunt	sum1	VER	Numb=Plur|Mood=Ind|Tense=Pres|Voice=Act|Person=3	sunt
sub	sub	PRE	MORPH=empty	sub
unanimitate	unanimitas	NOMcom	Case=Abl|Numb=Sing	unanimitate
coniugum	coniux	NOMcom	Case=Gen|Numb=Plur	coniugum
ineuitabile	ineuitabilis	ADJqua	Case=Nom|Numb=Sing|Deg=Pos	ineuitabile
malum	malum?	NOMcom	Case=Nom|Numb=Sing	malum
sunt	sum1	VER	Numb=Plur|Mood=Ind|Tense=Pres|Voice=Act|Person=3	sunt
.	.	PUNC	MORPH=empty	.
Abel	abel	NOMcom	Case=Nom|Numb=Sing	abel
iustum	iustus	ADJqua	Case=Acc|Numb=Sing|Deg=Pos	iustum
Cai	caus	NOMcom	Case=Gen|Numb=Sing	cai
-ne	ne2	CONcoo	MORPH=empty	-ne
scelestus	scelestus	ADJqua	Case=Nom|Numb=Sing|Deg=Pos	scelestus
per	per	PRE	MORPH=empty	per
familiaritatem	familiaritas	NOMcom	Case=Acc|Numb=Sing	familiaritatem
fratris	frater	NOMcom	Case=Gen|Numb=Sing	fratris
occidit	occido?	VER	Numb=Sing|Mood=Ind|Tense=Perf|Voice=Act|Person=3	occidit
.	.	PUNC	MORPH=empty	.
Noe	no	PROper	Numb=Sing	noe
deo	deus	NOMcom	Case=Dat|Numb=Sing	deo
probatum	probo	VER	Numb=Sing|Mood=Ind|Tense=Perf|Voice=Pass	probatum
Cham	cha	NOMcom	Case=Acc|Numb=Sing	cham
filius	filius	NOMcom	Case=Nom|Numb=Sing	filius
eius	is	PROdem	Case=Gen|Numb=Sing	eius
inrisit	irrideo	VER	Numb=Sing|Mood=Ind|Tense=Perf|Voice=Act|Person=3	inrisit
.	.	PUNC	MORPH=empty	.
Esau	esus	INJ	Numb=Sing	esau
Iacob	iacor	NOMcom	Numb=Sing	iacob
exulem	exsul	NOMcom	Case=Acc|Numb=Sing	exulem
esse	sum1	VER	Mood=Inf|Tense=Pres|Voice=Act	esse
a	ab	PRE	MORPH=empty	a
paterna	paternus	ADJqua	Case=Abl|Numb=Sing|Deg=Pos	paterna
domo	domus	NOMcom	Case=Abl|Numb=Sing	domo
fecit	facio	VER	Numb=Sing|Mood=Ind|Tense=Perf|Voice=Act|Person=3	fecit
.	.	PUNC	MORPH=empty	.
ualidissimum	ualidus	ADJqua	Case=Acc|Numb=Sing|Deg=Sup	ualidissimum
diaboli	diabolum	NOMcom	Case=Gen|Numb=Sing	diaboli
pr	pris	NOMcom	MORPH=empty	pr
liatorem	liator	NOMcom	Case=Acc|Numb=Sing	liatorem
Iob	ios	PROdem	Case=Nom|Numb=Sing	iob
sola	solus	PROind	Case=Nom|Numb=Sing	sola
uxor	uxor	NOMcom	Case=Nom|Numb=Sing	uxor
eius	is	PROdem	Case=Gen|Numb=Sing	eius
temptauit	tento	VER	Numb=Sing|Mood=Ind|Tense=Perf|Voice=Act|Person=3	temptauit
inflectere	inflecto	VER	Mood=Inf|Tense=Pres|Voice=Act	inflectere
.	.	PUNC	MORPH=empty	.
hunc	hic1	PROdem	Case=Acc|Numb=Sing	hunc
ipsum	ipse	PROdem	Case=Acc|Numb=Sing	ipsum
sanctum	sanctus	ADJqua	Case=Acc|Numb=Sing|Deg=Pos	sanctum
prophetam	prophetus	ADJqua	Case=Acc|Numb=Sing|Deg=Pos	prophetam
quae	qui1	PROrel	Case=Nom|Numb=Plur	quae
calumnise	calumnise	ADV	Deg=Pos	calumnise
hominum	homo	NOMcom	Case=Gen|Numb=Plur	hominum
fefellerunt	fallo	VER	Numb=Plur|Mood=Ind|Tense=Perf|Voice=Act|Person=3	fefellerunt
quotiens	quotiens1	ADVrel	MORPH=empty	quotiens
Sauli	saulus	NOMcom	Case=Gen|Numb=Sing	sauli
proditus	prodo	VER	Case=Nom|Numb=Sing|Mood=Par|Tense=Perf|Voice=Pass	proditus
est	sum1	VER	Numb=Sing|Mood=Ind|Tense=Pres|Voice=Act|Person=3	est
quotiens	quotiens1	ADVrel	MORPH=empty	quotiens
quibus	quis1	PROint	Case=Abl|Numb=Plur	quibus
in	in	PRE	MORPH=empty	in
locis	locus	NOMcom	Case=Abl|Numb=Plur	locis
ageret	ago	VER	Numb=Sing|Mood=Sub|Tense=Impa|Voice=Act|Person=3	ageret
nuntiatus	nuntio	VER	Case=Nom|Numb=Sing|Mood=Par|Tense=Perf|Voice=Pass	nuntiatus
est	sum1	VER	Numb=Sing|Mood=Ind|Tense=Pres|Voice=Act|Person=3	est
ubique	ubique	ADV	Deg=Pos	ubique
ei	is	PROdem	Case=Dat|Numb=Sing	ei
calumniantium	calumnior	VER	Case=Gen|Numb=Plur|Mood=Par|Tense=Pres|Voice=Dep	calumniantium
insidise	insidise	ADV	Deg=Pos	insidise
adfuerunt	assum1	VER	Numb=Plur|Mood=Ind|Tense=Perf|Voice=Act|Person=3	adfuerunt
.	.	PUNC	MORPH=empty	.
Nouit	nosco	VER	Numb=Sing|Mood=Ind|Tense=Perf|Voice=Act|Person=3	nouit
hsec	hic1	PROdem	Case=Acc|Numb=Sing	hsec
dominus	dominus	NOMcom	Case=Nom|Numb=Sing	dominus
domesticae	domesticus2	ADJqua	Case=Gen|Numb=Sing|Deg=Pos	domesticae
calumnise	calumnise	ADV	Deg=Pos	calumnise
scandala	scandala	NOMcom	Case=Acc|Numb=Sing	scandala
grauissimum	grauis	ADJqua	Case=Acc|Numb=Sing|Deg=Sup	grauissimum
solere	soleo	VER	Mood=Inf|Tense=Pres|Voice=SemDep	solere
fidei	fides?	NOMcom	Case=Gen|Numb=Sing	fidei
excidium	excidium1	NOMcom	Case=Acc|Numb=Sing	excidium
adferre	affero	VER	Mood=Inf|Tense=Pres|Voice=Act	adferre
dicens	dico?	VER	Case=Nom|Numb=Sing|Mood=Par|Tense=Pres|Voice=Act	dicens
quod	quod1	CONcoo	MORPH=empty	quod
si	si2	CONsub	MORPH=empty	si
oculus	oculus	NOMcom	Case=Nom|Numb=Sing	oculus
tuus	tuus	PROpos	Case=Nom|Numb=Sing	tuus
dexter	dexter	ADJqua	Case=Nom|Numb=Sing|Deg=Pos	dexter
scandalizat	scandalizo	VER	Numb=Sing|Mood=Ind|Tense=Pres|Voice=Act|Person=3	scandalizat
te	tu	PROper	Case=Acc|Numb=Sing	te
et	et2	CONcoo	MORPH=empty	et
si	si2	CONsub	MORPH=empty	si
pes	pes	NOMcom	Case=Nom|Numb=Sing	pes
dexter	dexter	ADJqua	Case=Nom|Numb=Sing|Deg=Pos	dexter
aut	aut	CONcoo	MORPH=empty	aut
manus	manus1	NOMcom	Case=Nom|Numb=Sing	manus
scandalizat	scandalizo	VER	Numb=Sing|Mood=Ind|Tense=Pres|Voice=Act|Person=3	scandalizat
te	tu	PROper	Case=Acc|Numb=Sing	te
er	ero	VER	Mood=Ind|Tense=Pres|Person=2	er
-ue	ue	CONcoo	MORPH=empty	-ue
et	et2	CONcoo	MORPH=empty	et
abscide	abscido2	VER	Numb=Sing|Mood=Imp|Tense=Pres|Voice=Act|Person=2	abscide
abs	ab	PRE	MORPH=empty	abs
te	tu	PROper	Case=Abl|Numb=Sing	te
.	.	PUNC	MORPH=empty	.
non	non	ADVneg	MORPH=empty	non
de	de	PRE	MORPH=empty	de
membris	membrum	NOMcom	Case=Abl|Numb=Plur	membris
corporum	corpus	NOMcom	Case=Gen|Numb=Plur	corporum
haec	hic1	PROdem	Case=Acc|Numb=Plur	haec
locutus	loquor	VER	Case=Nom|Numb=Sing|Mood=Par|Tense=Perf|Voice=Dep	locutus
est	sum1	VER	Numb=Sing|Mood=Ind|Tense=Pres|Voice=Act|Person=3	est
cum	cum3	CONsub	MORPH=empty	cum
scandala	scandala	NOMcom	Case=Nom|Numb=Sing	scandala
nec	nec2	CONcoo	MORPH=empty	nec
pes	pes	NOMcom	Case=Nom|Numb=Sing	pes
nec	nec2	CONcoo	MORPH=empty	nec
manus	manus1	NOMcom	Case=Acc|Numb=Plur	manus
posset	possum1	VER	Numb=Sing|Mood=Sub|Tense=Impa|Voice=Act|Person=3	posset
adferre	affero	VER	Mood=Inf|Tense=Pres|Voice=Act	adferre
;	;	PUNC	MORPH=empty	;
sed	sed	CONcoo	MORPH=empty	sed
de	de	PRE	MORPH=empty	de
coniunctissimis	coniunctus	ADJqua	Case=Abl|Numb=Plur|Deg=Sup	coniunctissimis
nobis	nos	PROper	Case=Abl|Numb=Plur	nobis
ac	ac1	CONcoo	MORPH=empty	ac
maxime	magis2	ADV	Deg=Sup	maxime
necessariis	necessarius2	ADJqua	Case=Abl|Numb=Plur|Deg=Pos	necessariis
membris	membrum	NOMcom	Case=Abl|Numb=Plur	membris
quia	quia	CONsub	MORPH=empty	quia
omnes	omnis	PROind	Case=Nom|Numb=Plur	omnes
unum	unus	ADJcar	Case=Nom|Numb=Sing	unum
corpus	corpus	NOMcom	Case=Nom|Numb=Sing	corpus
sumus	sum1	VER	Numb=Plur|Mood=Ind|Tense=Pres|Voice=Act|Person=1	sumus
in	in	PRE	MORPH=empty	in
Christo	christo	NOMcom	Case=Abl|Numb=Sing	christo
haec	hic1	PROdem	Case=Acc|Numb=Plur	haec
iubet	iubeo	VER	Numb=Sing|Mood=Ind|Tense=Pres|Voice=Act|Person=3	iubet
ne	ne4	CONsub	MORPH=empty	ne
domesticis	domesticus2	ADJqua	Case=Abl|Numb=Plur|Deg=Pos	domesticis
calumniis	calumnium	NOMcom	Case=Abl|Numb=Plur	calumniis
ac	ac1	CONcoo	MORPH=empty	ac
scandalis	scandalis	ADJqua	Case=Acc|Numb=Plur|Deg=Pos	scandalis
penes	penes	PRE	MORPH=empty	penes
nos	nos	PROper	Case=Acc|Numb=Plur	nos
manentibus	maneo	VER	Case=Abl|Numb=Plur|Mood=Par|Tense=Pres|Voice=Act	manentibus
aliqua	aliquis	PROind	Case=Nom|Numb=Sing	aliqua
nobis	nos	PROper	Case=Dat|Numb=Plur	nobis
iudicii	iudicium	NOMcom	Case=Gen|Numb=Sing	iudicii
die	dies	NOMcom	Case=Abl|Numb=Sing	die
uitiorum	uitium	NOMcom	Case=Gen|Numb=Plur	uitiorum
labes	labes	NOMcom	Case=Nom|Numb=Sing	labes
adhaereret	adhaereo	VER	Numb=Sing|Mood=Sub|Tense=Impa|Voice=Act|Person=3	adhaereret
.	.	PUNC	MORPH=empty	.
ergo	ergo2	CONcoo	MORPH=empty	ergo
propheta	prophetus	VER	Case=Nom|Numb=Sing|Deg=Pos	propheta
si	si2	CONsub	MORPH=empty	si
ab	ab	PRE	MORPH=empty	ab
bis	bis	ADJadv.mul	MORPH=empty	bis
redemptus	redimo	VER	Case=Nom|Numb=Sing|Mood=Par|Tense=Perf|Voice=Pass	redemptus
esset	sum1	VER	Numb=Sing|Mood=Sub|Tense=Impa|Voice=Act|Person=3	esset
custoditurum	custodio	VER	Case=Acc|Numb=Sing|Mood=Inf|Tense=Fut|Voice=Act	custoditurum
se	sui1	PROref	Case=Acc|Numb=Sing	se
praecepta	praeceptum	NOMcom	Case=Acc|Numb=Plur	praecepta
dei	deus	NOMcom	Case=Gen|Numb=Sing	dei
pollicetur	polliceor	VER	Numb=Sing|Mood=Ind|Tense=Pres|Voice=Dep|Person=3	pollicetur
quia	quia	CONsub	MORPH=empty	quia
istae	iste	PROdem	Case=Nom|Numb=Plur	istae
domesticorum	domesticus1	NOMcom	Case=Gen|Numb=Plur	domesticorum
omnium	omnis	PROind	Case=Gen|Numb=Plur	omnium
calumniae	calumnia	NOMcom	Case=Gen|Numb=Plur	calumniae
inpedimentum	impedimentum	NOMcom	Case=Acc|Numb=Sing	inpedimentum
fidei	fides?	NOMcom	Case=Dat|Numb=Sing	fidei
frequenter	frequenter	ADV	Deg=Pos	frequenter
adferrent	affero	VER	Numb=Plur|Mood=Sub|Tense=Impa|Voice=Act|Person=3	adferrent
.	.	PUNC	MORPH=empty	.
Dehinc	dehinc	ADV	Deg=Pos	dehinc
sequitur	sequor	VER	Numb=Sing|Mood=Ind|Tense=Pres|Voice=Dep|Person=3	sequitur
faciem	facies	NOMcom	Case=Acc|Numb=Sing	faciem
tuam	tuus	PROpos	Case=Acc|Numb=Sing	tuam
inlumina	illumen	NOMcom	Case=Nom|Numb=Sing	inlumina
super	super2	PRE	MORPH=empty	super
seruum	seruus1	NOMcom	Case=Acc|Numb=Sing	seruum
tuum	tuus	PROpos	Case=Acc|Numb=Sing	tuum
et	et2	CONcoo	MORPH=empty	et
doce	doceo	VER	Numb=Sing|Mood=Imp|Tense=Pres|Voice=Act|Person=2	doce
me	ego	PROper	Case=Acc|Numb=Sing	me
iustificationes	iustificatio	NOMcom	Case=Acc|Numb=Plur	iustificationes
tuas	tuus	PROpos	Case=Acc|Numb=Plur	tuas
.	.	PUNC	MORPH=empty	.
uultus	uultus	NOMcom	Case=Nom|Numb=Sing	uultus
domini	dominus	NOMcom	Case=Gen|Numb=Sing	domini
quidem	quidem	ADV	Deg=Pos	quidem
est	sum1	VER	Numb=Sing|Mood=Ind|Tense=Pres|Voice=Act|Person=3	est
super	super2	PRE	MORPH=empty	super
facientes	facio	VER	Case=Acc|Numb=Plur|Mood=Par|Tense=Pres|Voice=Act	facientes
mala	malum?	NOMcom	Case=Acc|Numb=Plur	mala
ut	ut4	CONsub	MORPH=empty	ut
expugnet	expugno	VER	Numb=Sing|Mood=Sub|Tense=Pres|Voice=Act|Person=3	expugnet
de	de	PRE	MORPH=empty	de
terra	terra	NOMcom	Case=Abl|Numb=Sing	terra
memoriam	memoria	NOMcom	Case=Acc|Numb=Sing	memoriam
eorum	is	PROdem	Case=Gen|Numb=Plur	eorum
sed	sed	CONcoo	MORPH=empty	sed
sicut	sicut1	ADVrel	MORPH=empty	sicut
deus	deus	NOMcom	Case=Nom|Numb=Sing	deus
respicit	respicio	VER	Numb=Sing|Mood=Ind|Tense=Pres|Voice=Act|Person=3	respicit
ad	ad2	PRE	MORPH=empty	ad
p	pe	NOMcom	Case=Acc|Numb=Sing	p
nam	nam	CONcoo	MORPH=empty	nam
respicit	respicio	VER	Numb=Sing|Mood=Ind|Tense=Pres|Voice=Act|Person=3	respicit
et	et2	CONcoo	MORPH=empty	et
ad	ad2	PRE	MORPH=empty	ad
misericordiam	misericordia	NOMcom	Case=Acc|Numb=Sing	misericordiam
;	;	PUNC	MORPH=empty	;
ita	ita	ADV	Deg=Pos	ita
et	et2	CONcoo	MORPH=empty	et
uultum	uultus	NOMcom	Case=Acc|Numb=Sing	uultum
suum	suus	PROpos.ref	Case=Acc|Numb=Sing	suum
ad	ad2	PRE	MORPH=empty	ad
utrumque	uterque	PROind	Case=Acc|Numb=Sing	utrumque
deflectit	deflecto	VER	Numb=Sing|Mood=Ind|Tense=Pres|Voice=Act|Person=3	deflectit
.	.	PUNC	MORPH=empty	.
sed	sed	CONcoo	MORPH=empty	sed
hanc	hic1	PROdem	Case=Acc|Numb=Sing	hanc
faciem	facies	NOMcom	Case=Acc|Numb=Sing	faciem
domini	dominus	NOMcom	Case=Gen|Numb=Sing	domini
ad	ad2	PRE	MORPH=empty	ad
inluminationem	illuminatio	NOMcom	Case=Acc|Numb=Sing	inluminationem
suam	suus	PROpos.ref	Case=Acc|Numb=Sing	suam
propheta	propheo	VER	Case=Nom|Numb=Sing|Tense=Pres|Voice=Pass	propheta
orat	oro	VER	Numb=Sing|Mood=Ind|Tense=Pres|Voice=Act|Person=3	orat
.	.	PUNC	MORPH=empty	.
ex	ex	PRE	MORPH=empty	ex
maiestate	maiestas	NOMcom	Case=Abl|Numb=Sing	maiestate
enim	enim2	CONcoo	MORPH=empty	enim
et	et2	CONcoo	MORPH=empty	et
uultu	uultus	NOMcom	Case=Abl|Numb=Sing	uultu
dignantis	dignor	VER	Case=Gen|Numb=Sing|Mood=Par|Tense=Pres|Voice=Dep	dignantis
nos	nos	PROper	Case=Acc|Numb=Plur	nos
dei	deus	NOMcom	Case=Gen|Numb=Sing	dei
lumen	lumen	NOMcom	Case=Acc|Numb=Sing	lumen
accipimus	accipio	VER	Numb=Plur|Mood=Ind|Tense=Pres|Voice=Act|Person=1	accipimus
et	et2	CONcoo	MORPH=empty	et
deflexus	deflecto	VER	Case=Nom|Numb=Sing|Mood=Par|Tense=Perf|Voice=Pass	deflexus
in	in	PRE	MORPH=empty	in
nos	nos	PROper	Case=Acc|Numb=Plur	nos
misericordise	misericors	ADJqua	Case=Dat|Deg=Pos	misericordise
suae	suus	PROpos.ref	Case=Gen|Numb=Sing	suae
uultus	uultus	NOMcom	Case=Nom|Numb=Sing	uultus
ad	ad2	PRE	MORPH=empty	ad
gratiam	gratia	NOMcom	Case=Acc|Numb=Sing	gratiam
spiritalis	spiritalis	ADJqua	Case=Gen|Numb=Sing|Deg=Pos	spiritalis
uirtutis	uirtus	NOMcom	Case=Gen|Numb=Sing	uirtutis
inradiat	irradio	VER	Numb=Sing|Mood=Sub|Tense=Pres|Voice=Act|Person=3	inradiat
.	.	PUNC	MORPH=empty	.
uel	uel2	CONcoo	MORPH=empty	uel
certe	certe	ADV	Deg=Pos	certe
cum	cum2	PRE	MORPH=empty	cum
iudicii	iudicium	NOMcom	Case=Gen|Numb=Sing	iudicii
die	dies	NOMcom	Case=Abl|Numb=Sing	die
aderit	assum1	VER	Numb=Sing|Mood=Ind|Tense=Fut|Voice=Act|Person=3	aderit
cum	cum3	CONsub	MORPH=empty	cum
uisibilis	uisibilis	ADJqua	Case=Nom|Numb=Sing|Deg=Pos	uisibilis
nobis	nos	PROper	Case=Dat|Numb=Plur	nobis
in	in	PRE	MORPH=empty	in
gloria	gloria	NOMcom	Case=Abl|Numb=Sing	gloria
paternae	paternus	ADJqua	Case=Gen|Numb=Sing|Deg=Pos	paternae
maiestatis	maiestas	NOMcom	Case=Gen|Numb=Sing	maiestatis
adsistet	assisto	VER	Numb=Sing|Mood=Ind|Tense=Fut|Voice=Act|Person=3	adsistet
tunc	tunc	ADV	Deg=Pos	tunc
nos	nos	PROper	Case=Acc|Numb=Plur	nos
faciei	facieus	VER	Case=Gen|Numb=Sing	faciei
suse	sus	VER	Numb=Sing	suse
lumine	lumen	NOMcom	Case=Abl|Numb=Sing	lumine
inluminabit	illumino	VER	Numb=Sing|Mood=Ind|Tense=Fut|Voice=Act|Person=3	inluminabit
.	.	PUNC	MORPH=empty	.
ut	ut1	ADVrel	MORPH=empty	ut
enim	enim2	CONcoo	MORPH=empty	enim
quaedam	quidam	PROind	Case=Nom|Numb=Plur	quaedam
metalla	metallum	NOMcom	Case=Nom|Numb=Plur	metalla
atque	atque1	CONcoo	MORPH=empty	atque
gemmae	gemma	NOMcom	Case=Nom|Numb=Plur	gemmae
naturae	natura	NOMcom	Case=Gen|Numb=Sing	naturae
suae	suus	PROpos.ref	Case=Gen|Numb=Sing	suae
fulgorem	fulgor	NOMcom	Case=Acc|Numb=Sing	fulgorem
in	in	PRE	MORPH=empty	in
ea	is	PROdem	Case=Acc|Numb=Plur	ea
quae	qui1	PROrel	Case=Nom|Numb=Plur	quae
sibi	sui1	PROref	Case=Dat|Numb=Sing	sibi
proxima	propior	ADJqua	Case=Nom|Numb=Plur|Deg=Pos	proxima
erunt	sum1	VER	Numb=Plur|Mood=Ind|Tense=Fut|Voice=Act|Person=3	erunt
refundent	refundo2	VER	Numb=Plur|Mood=Ind|Tense=Fut|Voice=Act|Person=3	refundent
et	et2	CONcoo	MORPH=empty	et
semulantem	semulo	VER	Case=Acc|Numb=Sing|Mood=Par|Tense=Pres|Voice=Act	semulantem
speciem	species	NOMcom	Case=Acc|Numb=Sing	speciem
ex	ex	PRE	MORPH=empty	ex
uicinia	uicinia	NOMcom	Case=Abl|Numb=Sing	uicinia
speciei	specieum	NOMcom	Case=Gen|Numb=Sing	speciei
suae	suus	PROpos.ref	Case=Gen|Numb=Sing	suae
praestant	praesto1	VER	Numb=Plur|Mood=Ind|Tense=Pres|Voice=Act|Person=3	praestant
ut	ut4	CONsub	MORPH=empty	ut
et	et2	CONcoo	MORPH=empty	et
Moyses	moyses	NOMcom	Case=Nom|Numb=Sing	moyses
ex	ex	PRE	MORPH=empty	ex
contemplatio	contemplatio	NOMcom	Case=Abl|Numb=Sing	contemplatio
-ne	ne2	CONcoo	MORPH=empty	-ne
dei	deus	NOMcom	Case=Gen|Numb=Sing	dei
gloriae	gloria	NOMcom	Case=Gen|Numb=Sing	gloriae
lumen	lumen	NOMcom	Case=Acc|Numb=Sing	lumen
accepit	accipio	VER	Numb=Sing|Mood=Ind|Tense=Perf|Voice=Act|Person=3	accepit
ita	ita	ADV	Deg=Pos	ita
ut	ut4	CONsub	MORPH=empty	ut
honorem	honor	NOMcom	Case=Acc|Numb=Sing	honorem
glorise	glorise	NOMcom	MORPH=empty	glorise
suae	suus	PROpos.ref	Case=Gen|Numb=Sing	suae
contemplari	contemplor	VER	Mood=Inf|Tense=Pres|Voice=Dep	contemplari
populus	populus?	NOMcom	Case=Nom|Numb=Sing	populus
non	non	ADVneg	MORPH=empty	non
posset	possum1	VER	Numb=Sing|Mood=Sub|Tense=Impa|Voice=Act|Person=3	posset
sic	sic	ADV	Deg=Pos	sic
et	et2	CONcoo	MORPH=empty	et
propheta	prophetus	ADJqua	Case=Abl|Numb=Sing|Deg=Pos	propheta
seruum	seruus1	NOMcom	Case=Acc|Numb=Sing	seruum
se	sui1	PROref	Case=Acc|Numb=Sing	se
dei	deus	NOMcom	Case=Gen|Numb=Sing	dei
confitens	confiteor	VER	Case=Nom|Numb=Sing|Mood=Par|Tense=Pres|Voice=Dep	confitens
illuminari	illumino	VER	Mood=Inf|Tense=Pres|Voice=Pass	illuminari
orat	oro	VER	Numb=Sing|Mood=Ind|Tense=Pres|Voice=Act|Person=3	orat
et	et2	CONcoo	MORPH=empty	et
conformis	conformis	ADJqua	Case=Acc|Numb=Sing|Deg=Pos	conformis
secundum	secundum2	PRE	Numb=Sing	secundum
apostolum	apostolus	NOMcom	Case=Acc|Numb=Sing	apostolum
effici	efficio	VER	Mood=Inf|Tense=Pres|Voice=Pass	effici
glorise	glorise	NOMcom	MORPH=empty	glorise
dei	deus	NOMcom	Case=Gen|Numb=Sing	dei
et	et2	CONcoo	MORPH=empty	et
iustificationes	iustificatio	NOMcom	Case=Acc|Numb=Plur	iustificationes
dei	deus	NOMcom	Case=Gen|Numb=Sing	dei
doceri	doceo	VER	Mood=Inf|Tense=Pres|Voice=Pass	doceri
ut	ut4	CONsub	MORPH=empty	ut
a	ab	PRE	MORPH=empty	a
se	sui1	PROref	Case=Abl|Numb=Sing	se
non	non	ADVneg	MORPH=empty	non
ex	ex	PRE	MORPH=empty	ex
parte	pars	NOMcom	Case=Abl|Numb=Sing	parte
neque	neque	CONcoo	MORPH=empty	neque
per	per	PRE	MORPH=empty	per
legis	lex	NOMcom	Case=Gen|Numb=Sing	legis
umbram	umbra	NOMcom	Case=Acc|Numb=Sing	umbram
sed	sed	CONcoo	MORPH=empty	sed
facie	facies	NOMcom	Case=Abl|Numb=Sing	facie
ad	ad2	PRE	MORPH=empty	ad
faciem	facies	NOMcom	Case=Acc|Numb=Sing	faciem
et	et2	CONcoo	MORPH=empty	et
spiritali	spiritalis	ADJqua	Case=Abl|Numb=Sing|Deg=Pos	spiritali
contemplatio	contemplatio	NOMcom	Case=Nom|Numb=Sing	contemplatio
-ne	ne2	CONcoo	MORPH=empty	-ne
cernatur	cerno	VER	Numb=Sing|Mood=Sub|Tense=Pres|Voice=Pass|Person=3	cernatur
.	.	PUNC	MORPH=empty	.
Dehinc	dehinc	ADV	Deg=Pos	dehinc
ait	aio	VER	Numb=Sing|Mood=Ind|Tense=Pres|Voice=Act|Person=3	ait
exitus	exitus	NOMcom	Case=Nom|Numb=Plur	exitus
aquarum	aqua	NOMcom	Case=Gen|Numb=Plur	aquarum
transierunt	transeo1	VER	Numb=Plur|Mood=Ind|Tense=Perf|Voice=Act|Person=3	transierunt
oculi	oculus	NOMcom	Case=Nom|Numb=Plur	oculi
mei	meus	PROpos	Case=Nom|Numb=Plur	mei
quia	quia	CONsub	MORPH=empty	quia
non	non	ADVneg	MORPH=empty	non
custodierunt	custodio	VER	Numb=Plur|Mood=Ind|Tense=Perf|Voice=Act|Person=3	custodierunt
legem	lex	NOMcom	Case=Acc|Numb=Sing	legem
tuam	tuus	PROpos	Case=Acc|Numb=Sing	tuam
.	.	PUNC	MORPH=empty	.
conscius	conscius	ADJqua	Case=Nom|Numb=Sing|Deg=Pos	conscius
peccatorum	peccatum	NOMcom	Case=Gen|Numb=Plur	peccatorum
ueterum	uetera	ADJqua	Case=Gen|Numb=Plur|Deg=Pos	ueterum
ex	ex	PRE	MORPH=empty	ex
historia	historia	NOMcom	Case=Abl|Numb=Sing	historia
ipsa	ipse	PROdem	Case=Nom|Numb=Sing	ipsa
docetur	doceo	VER	Numb=Sing|Mood=Ind|Tense=Pres|Voice=Pass|Person=3	docetur
;	;	PUNC	MORPH=empty	;
licet	licet1	VER	MORPH=empty	licet
toto	totus	PROind	Case=Abl|Numb=Sing	toto
se	sui1	PROref	Case=Acc|Numb=Sing	se
ad	ad2	PRE	MORPH=empty	ad
deum	deus	NOMcom	Case=Acc|Numb=Sing	deum
corde	cor	NOMcom	Case=Abl|Numb=Sing	corde
direxerit	dirigo	VER	Numb=Sing|Mood=Sub|Tense=Perf|Voice=Act|Person=3	direxerit
tamen	tamen	ADV	Deg=Pos	tamen
quia	quia	CONsub	MORPH=empty	quia
et	et2	CONcoo	MORPH=empty	et
peccati	peccatum	NOMcom	Case=Gen|Numb=Sing	peccati
sui	suus	PROpos.ref	Case=Gen|Numb=Sing	sui
dolorem	dolor	NOMcom	Case=Acc|Numb=Sing	dolorem
psalmo	psalmum	NOMcom	Case=Abl|Numb=Sing	psalmo
anteriore	anterior	ADJqua	Case=Abl|Numb=Sing|Deg=Comp	anteriore
et	et2	CONcoo	MORPH=empty	et
ipse	ipse	PROdem	Case=Nom|Numb=Sing	ipse
iam	iam	ADV	Deg=Pos	iam
scripserit	scribo	VER	Numb=Sing|Mood=Sub|Tense=Perf|Voice=Act|Person=3	scripserit
tunc	tunc	ADV	Deg=Pos	tunc
cum	cum2	PRE	MORPH=empty	cum
Natha	natha	NOMcom	Case=Abl|Numb=Sing	natha
-ne	ne2	CONcoo	MORPH=empty	-ne
propheta	prophetus	ADJqua	Case=Abl|Numb=Sing	propheta
arguente	arguo	VER	Case=Abl|Numb=Sing|Mood=Par|Tense=Pres|Voice=Act	arguente
crimen	crimen	NOMcom	Case=Acc|Numb=Sing	crimen
suum	suus	PROpos.ref	Case=Acc|Numb=Sing	suum
recognouit	recognosco	VER	Numb=Sing|Mood=Ind|Tense=Perf|Voice=Act|Person=3	recognouit
et	et2	CONcoo	MORPH=empty	et
fleuit	fleo	VER	Numb=Sing|Mood=Ind|Tense=Perf|Voice=Act|Person=3	fleuit
nunc	nunc	ADV	Deg=Pos	nunc
quoque	quoque	ADV	Deg=Pos	quoque
non	non	ADVneg	MORPH=empty	non
desinit	desino	VER	Numb=Sing|Mood=Ind|Tense=Pres|Voice=Act|Person=3	desinit
uerae	uerus	ADJqua	Case=Gen|Numb=Sing|Deg=Pos	uerae
psenitentise	pseniteo	VER	Numb=Sing	psenitentise
lacrimis	lacrima	NOMcom	Case=Dat|Numb=Plur	lacrimis
facti	factum	NOMcom	Case=Gen|Numb=Sing|Mood=Par|Voice=Pass	facti
ueteris	uetus	ADJqua	Case=Gen|Numb=Sing|Deg=Pos	ueteris
crimen	crimen	NOMcom	Case=Acc|Numb=Sing	crimen
abluere	abluo	VER	Mood=Inf|Tense=Pres|Voice=Act	abluere
dicens	dico?	VER	Case=Nom|Numb=Sing|Mood=Par|Tense=Pres|Voice=Act	dicens
exitus	exitus	NOMcom	Case=Nom|Numb=Plur	exitus
aquarum	aqua	NOMcom	Case=Gen|Numb=Plur	aquarum
transierunt	transeo1	VER	Numb=Plur|Mood=Ind|Tense=Perf|Voice=Act|Person=3	transierunt
oculi	oculus	NOMcom	Case=Nom|Numb=Plur	oculi
mei	meus	PROpos	Case=Nom|Numb=Plur	mei
fontes	fons	NOMcom	Case=Nom|Numb=Plur	fontes
scilicet	scilicet	ADV	Deg=Pos	scilicet
lacrimarum	lacrima	NOMcom	Case=Gen|Numb=Plur	lacrimarum
suarum	suus	PROpos.ref	Case=Gen|Numb=Plur	suarum
fontes	fons	NOMcom	Case=Acc|Numb=Plur	fontes
fluminum	flumen	NOMcom	Case=Gen|Numb=Plur	fluminum
esse	sum1	VER	Mood=Inf|Tense=Pres|Voice=Act	esse
transgressos	transgredior	VER	Case=Acc|Numb=Plur|Mood=Par|Tense=Perf|Voice=Dep	transgressos
.	.	PUNC	MORPH=empty	.
haec	hic1	PROdem	Case=Nom|Numb=Sing	haec
enim	enim2	CONcoo	MORPH=empty	enim
psenitentise	psenitentis	VER	Deg=Pos	psenitentise
uox	uox	NOMcom	Case=Nom|Numb=Sing	uox
est	sum1	VER	Numb=Sing|Mood=Ind|Tense=Pres|Voice=Act|Person=3	est
lacrimis	lacrima	NOMcom	Case=Abl|Numb=Plur	lacrimis
orare	oro	VER	Mood=Inf|Tense=Pres|Voice=Act	orare
lacrimis	lacrima	NOMcom	Case=Dat|Numb=Plur	lacrimis
ingemescere	ingemisco	VER	Mood=Inf|Tense=Pres|Voice=Act	ingemescere
et	et2	CONcoo	MORPH=empty	et
per	per	PRE	MORPH=empty	per
hanc	hic1	PROdem	Case=Acc|Numb=Sing	hanc
confidentiam	confidentia	NOMcom	Case=Acc|Numb=Sing	confidentiam
dicere	dico?	VER	Mood=Inf|Tense=Pres|Voice=Act	dicere
lauabo	lauo?	VER	Numb=Sing|Mood=Ind|Tense=Fut|Voice=Act|Person=1	lauabo
per	per	PRE	MORPH=empty	per
singulas	singulus	ADJdis	Case=Acc|Numb=Plur	singulas
noctes	nox	NOMcom	Case=Acc|Numb=Plur	noctes
lectum	lectus1	NOMcom	Case=Acc|Numb=Sing	lectum
meum	meus	PROpos	Case=Acc|Numb=Sing	meum
.	.	PUNC	MORPH=empty	.
lacrimis	lacrima	NOMcom	Case=Abl|Numb=Plur	lacrimis
stratum	sterno	VER	Case=Acc|Numb=Sing|Voice=Pass	stratum
meum	meus	PROpos	Case=Acc|Numb=Sing	meum
rigabo	rigo	VER	Numb=Sing|Mood=Ind|Tense=Fut|Voice=Act|Person=1	rigabo
.	.	PUNC	MORPH=empty	.
haec	hic1	PROdem	Case=Nom|Numb=Sing	haec
uenia	uenia	NOMcom	Case=Nom|Numb=Sing	uenia
peccati	peccatum	NOMcom	Case=Gen|Numb=Sing	peccati
est	sum1	VER	Numb=Sing|Mood=Ind|Tense=Pres|Voice=Act|Person=3	est
fonte	fons	NOMcom	Case=Abl|Numb=Sing	fonte
fletuum	fletus	NOMcom	Case=Gen|Numb=Plur	fletuum
flare	flo	VER	Mood=Inf|Tense=Pres|Voice=Act	flare
et	et2	CONcoo	MORPH=empty	et
largo	largus	ADJqua	Case=Abl|Numb=Sing|Deg=Pos	largo
lacrimarum	lacrima	NOMcom	Case=Gen|Numb=Plur	lacrimarum
imbre	imber	NOMcom	Case=Abl|Numb=Sing	imbre
madefieri	madefio	VER	Mood=Inf|Tense=Pres|Voice=Dep	madefieri
.	.	PUNC	MORPH=empty	.
sed	sed	CONcoo	MORPH=empty	sed
seruauit	seruo	VER	Numb=Sing|Mood=Ind|Tense=Perf|Voice=Act|Person=3	seruauit
cum	cum2	PRE	MORPH=empty	cum
ratione	ratio	NOMcom	Case=Abl|Numb=Sing	ratione
temporis	tempus?	NOMcom	Case=Gen|Numb=Sing	temporis
et	et2	CONcoo	MORPH=empty	et
fidei	fides?	NOMcom	Case=Gen|Numb=Sing	fidei
iam	iam	ADV	Deg=Pos	iam
inmobilis	immobilis	ADJqua	Case=Nom|Numb=Sing|Deg=Pos	inmobilis
firmitate	firmitas	NOMcom	Case=Abl|Numb=Sing	firmitate
dicti	dico?	VER	Case=Gen|Numb=Sing|Mood=Par|Tense=Perf|Voice=Pass	dicti
quoque	quoque	ADV	Deg=Pos	quoque
sui	sui1	PROref	Case=Gen|Numb=Sing	sui
temperatissimi	temperatus2	ADJqua	Case=Gen|Numb=Sing|Deg=Sup	temperatissimi
modum	modus	NOMcom	Case=Acc|Numb=Sing	modum
.	.	PUNC	MORPH=empty	.
de	de	PRE	MORPH=empty	de
praeterito	praeteritum	NOMcom	Case=Abl|Numb=Sing	praeterito
enim	enim2	CONcoo	MORPH=empty	enim
dixit	dico?	VER	Numb=Sing|Mood=Ind|Tense=Perf|Voice=Act|Person=3	dixit
quia	quia	CONsub	MORPH=empty	quia
non	non	ADVneg	MORPH=empty	non
seruauerunt	seruo	VER	Numb=Plur|Mood=Ind|Tense=Perf|Voice=Act|Person=3	seruauerunt
legem	lex	NOMcom	Case=Acc|Numb=Sing	legem
tuam	tuus	PROpos	Case=Acc|Numb=Sing	tuam
.	.	PUNC	MORPH=empty	.
confessio	confessio	NOMcom	Case=Nom|Numb=Sing	confessio
quidem	quidem	ADV	Deg=Pos	quidem
criminis	crimen	NOMcom	Case=Gen|Numb=Sing	criminis
semper	semper	ADV	Deg=Pos	semper
in	in	PRE	MORPH=empty	in
tempore	tempus?	NOMcom	Case=Abl|Numb=Sing	tempore
est	sum1	VER	Numb=Sing|Mood=Ind|Tense=Pres|Voice=Act|Person=3	est
quia	quia	CONsub	MORPH=empty	quia
oportet	oportet	VER	Numb=Sing|Mood=Ind|Tense=Pres|Voice=Act|Person=3	oportet
peccati	peccatum	NOMcom	Case=Gen|Numb=Sing	peccati
psenitentiam	psenitentia	NOMcom	Case=Acc|Numb=Sing	psenitentiam
non	non	ADVneg	MORPH=empty	non
desinere	desino	VER	Mood=Inf|Tense=Pres|Voice=Act	desinere
;	;	PUNC	MORPH=empty	;
finis	finis	NOMcom	Case=Nom|Numb=Sing	finis
autem	autem	CONcoo	MORPH=empty	autem
peccati	peccatum	NOMcom	Case=Gen|Numb=Sing	peccati
anterioris	anterior	ADJqua	Case=Gen|Numb=Sing|Deg=Pos	anterioris
est	sum1	VER	Numb=Sing|Mood=Ind|Tense=Pres|Voice=Act|Person=3	est
temporis	tempus?	NOMcom	Case=Gen|Numb=Sing	temporis
;	;	PUNC	MORPH=empty	;
quia	quia	CONsub	MORPH=empty	quia
uera	uerus	ADJqua	Case=Nom|Numb=Sing|Deg=Pos	uera
peccati	peccatum	NOMcom	Case=Gen|Numb=Sing	peccati
confessio	confessio	NOMcom	Case=Nom|Numb=Sing	confessio
est	sum1	VER	Numb=Sing|Mood=Ind|Tense=Pres|Voice=Act|Person=3	est
sine	sine	PRE	MORPH=empty	sine
intermissio	intermissio	NOMcom	Case=Nom|Numb=Sing	intermissio
-ne	ne2	CONcoo	MORPH=empty	-ne
temporis	tempus?	NOMcom	Case=Gen|Numb=Sing	temporis
paenitere	paeniteo	VER	Mood=Inf|Tense=Pres|Voice=Act	paenitere
peccati	peccatum	NOMcom	Case=Gen|Numb=Sing	peccati
uero	uero4	CONcoo	MORPH=empty	uero
paenitentia	paenitentia	NOMcom	Case=Nom|Numb=Sing	paenitentia
est	sum1	VER	Numb=Sing|Mood=Ind|Tense=Pres|Voice=Act|Person=3	est
ab	ab	PRE	MORPH=empty	ab
eo	is	PROdem	Case=Abl|Numb=Sing	eo
quod	qui1	PROrel	Case=Acc|Numb=Sing	quod
psenitendum	pseniteo	VER	Case=Acc|Numb=Sing|Mood=Adj|Voice=Pass	psenitendum
intellexeris	intelligo	VER	Numb=Sing|Mood=Sub|Tense=Fut|Voice=Act|Person=2	intellexeris
destitisse	desisto	VER	Mood=Inf|Tense=Perf|Voice=Act	destitisse
.	.	PUNC	MORPH=empty	.
atque	atque1	CONcoo	MORPH=empty	atque
ob	ob	PRE	MORPH=empty	ob
id	is	PROdem	Case=Acc|Numb=Sing	id
propheta	prophetus	ADJqua	Case=Acc|Numb=Sing|Deg=Pos	propheta
nec	nec2	CONcoo	MORPH=empty	nec
confiteri	confiteor	VER	Mood=Inf|Tense=Pres|Voice=Dep	confiteri
peccatum	peccatum	NOMcom	Case=Acc|Numb=Sing	peccatum
desinit	desino	VER	Numb=Sing|Mood=Ind|Tense=Pres|Voice=Act|Person=3	desinit
et	et2	CONcoo	MORPH=empty	et
peccatum	pecco	VER	Case=Acc|Numb=Sing|Mood=Inf|Tense=Perf|Voice=Pass	peccatum
ex	ex	PRE	MORPH=empty	ex
praeterito	praeteritum	NOMcom	Case=Abl|Numb=Sing	praeterito
confitetur	confiteor	VER	Numb=Sing|Mood=Ind|Tense=Pres|Voice=Dep|Person=3	confitetur
.	.	PUNC	MORPH=empty	.
